Q1 0 50586 3
Q1 0 4558 3
Q1 0 1886 3
Q1 0 48234 3
Q1 0 442 3
Q1 0 73892 3
Q1 0 23982 3
Q1 0 51273 3
Q1 0 55076 3
Q1 0 64591 3
Q1 0 9635 2
Q1 0 11742 2
Q1 0 51857 2
Q1 0 83265 2
Q1 0 89109 2
Q1 0 26104 2
Q1 0 70480 2
Q1 0 75929 2
Q1 0 63710 2
Q1 0 86130 2
Q1 0 80801 2
Q1 0 94299 2
Q1 0 74540 2
Q1 0 54759 2
Q1 0 62867 2
Q1 0 65546 2
Q1 0 24597 2
Q1 0 24228 2
Q1 0 45756 2
Q1 0 53042 2
Q1 0 30883 2
Q1 0 57750 1
Q1 0 97528 1
Q1 0 43948 2
Q1 0 12315 2
Q1 0 31760 2
Q1 0 47674 1
Q1 0 99594 2
Q1 0 75910 1
Q1 0 87934 2
Q1 0 86912 1
Q1 0 84606 2
Q1 0 25694 1
Q1 0 20322 1
Q1 0 84271 2
Q1 0 834 1
Q1 0 2748 1
Q1 0 3792 1
Q1 0 96261 1
Q1 0 30340 1
Q1 0 79020 1
Q1 0 5858 1
Q1 0 22874 1
Q1 0 236 1
Q1 0 31480 1
Q1 0 35289 1
Q1 0 58843 1
Q1 0 94845 1
Q1 0 23480 1
Q1 0 18627 3
Q1 0 68060 1
Q1 0 9866 1
Q1 0 93440 1
Q1 0 53059 1
Q1 0 96177 1
Q1 0 28089 1
Q1 0 12179 1
Q1 0 67508 1
Q1 0 14437 1
Q1 0 90366 1
Q1 0 45046 1
Q1 0 37335 1
Q1 0 41182 2
Q1 0 84373 1
Q1 0 80919 1
Q1 0 30773 1
Q1 0 47151 1
Q1 0 63566 1
Q1 0 92212 1
Q1 0 93948 1
Q1 0 17292 1
Q1 0 89013 1
Q1 0 22274 1
Q1 0 49119 1
Q1 0 63884 1
Q1 0 19383 1
Q1 0 25583 1
Q1 0 57920 1
Q1 0 92659 1
Q1 0 23506 1
Q1 0 868 1
Q1 0 14319 1
Q1 0 93138 1
Q1 0 68412 1
Q1 0 80019 1
Q1 0 19563 1
Q1 0 23623 1
Q1 0 83016 1
Q1 0 6194 1
Q1 0 86933 1
Q1 0 60203 1
Q1 0 564 3
Q1 0 77101 3
Q1 0 46032 3
Q1 0 69762 2
Q1 0 31353 2
Q1 0 22343 2
Q1 0 64642 3
Q1 0 53140 2
Q1 0 17270 2
Q1 0 44343 2
Q1 0 20238 2
Q1 0 39575 2
Q1 0 92201 2
Q1 0 17540 2
Q1 0 60795 2
Q1 0 43924 2
Q1 0 92916 2
Q1 0 51006 2
Q1 0 77561 2
Q1 0 90214 2
Q1 0 83427 2
Q1 0 99270 2
Q1 0 7596 2
Q1 0 61106 2
Q1 0 32091 2
Q1 0 28444 2
Q1 0 97160 2
Q1 0 56940 2
Q1 0 71422 2
Q1 0 17575 2
Q1 0 22722 2
Q1 0 3833 2
Q1 0 82825 2
Q1 0 24244 1
Q1 0 71370 2
Q1 0 60574 2
Q1 0 74425 1
Q1 0 84101 2
Q1 0 61581 2
Q1 0 69096 2
Q1 0 76982 2
Q1 0 75028 2
Q1 0 36334 2
Q1 0 10818 2
Q1 0 95615 2
Q1 0 83801 2
Q1 0 69761 2
Q1 0 46222 2
Q1 0 86507 2
Q1 0 71628 2
Q1 0 85344 1
Q1 0 14752 2
Q1 0 86988 1
Q1 0 89073 1
Q1 0 80830 1
Q1 0 1226 1
Q1 0 87138 1
Q1 0 53767 1
Q1 0 24250 1
Q1 0 47003 1
Q1 0 23395 1
Q1 0 21024 1
Q1 0 52733 1
Q1 0 40522 1
Q1 0 16527 1
Q1 0 70952 1
Q1 0 10132 1
Q1 0 32269 1
Q1 0 70532 2
Q1 0 89347 1
Q1 0 20061 1
Q1 0 73734 1
Q1 0 61327 1
Q1 0 70880 1
Q1 0 97098 1
Q1 0 29621 1
Q1 0 81980 1
Q1 0 20361 1
Q1 0 98627 1
Q1 0 41164 1
Q1 0 11135 1
Q1 0 28505 1
Q1 0 95400 1
Q1 0 7532 1
Q1 0 43833 1
Q1 0 90376 1
Q1 0 7768 1
Q1 0 24288 1
Q1 0 91878 1
Q1 0 73586 1
Q1 0 80304 1
Q1 0 37550 1
Q1 0 21142 1
Q1 0 51204 1
Q1 0 43059 1
Q1 0 202 2
Q1 0 28512 1
Q1 0 11406 1
Q1 0 74612 1
Q1 0 68527 1
Q1 0 68288 1
Q1 0 73200 1
Q1 0 75941 1
Q1 0 81928 1
Q1 0 70236 1
Q1 0 43874 1
Q1 0 48023 1
Q1 0 56976 1
Q1 0 53811 1
Q1 0 20346 1
Q1 0 37588 1
Q1 0 50743 1
Q1 0 57305 1
Q1 0 3144 1
Q1 0 19721 1
Q1 0 42440 1
Q1 0 46726 1
Q1 0 91660 1
Q1 0 8063 1
Q1 0 5733 1
Q1 0 22563 1
Q1 0 66230 1
Q1 0 24659 1
Q1 0 10157 1
Q1 0 33774 1
Q1 0 9756 1
Q1 0 43443 1
Q1 0 19178 1
Q1 0 59797 1
Q1 0 15315 1
Q1 0 36767 1
Q1 0 17495 1
Q1 0 52034 1
Q1 0 87306 1
Q1 0 48688 1
Q1 0 49068 1
Q1 0 18932 1
Q1 0 34742 1
Q1 0 16581 1
Q1 0 66246 1
Q1 0 47788 1
Q1 0 12693 1
Q1 0 82066 1
Q1 0 36537 1
Q1 0 92221 1
Q1 0 55170 1
Q1 0 40774 1
Q1 0 64708 1
Q1 0 37727 1
Q1 0 10068 1
Q1 0 5981 1
Q1 0 85947 1
Q1 0 10968 1
Q1 0 68292 2
Q1 0 4557 2
Q1 0 30635 2
Q1 0 43922 2
Q1 0 46220 2
Q1 0 78076 2
Q1 0 83259 2
Q1 0 23980 2
Q1 0 50584 2
Q1 0 78567 2
Q1 0 24820 2
Q1 0 10816 2
Q1 0 89340 2
Q1 0 55862 2
Q1 0 73730 2
Q1 0 21854 2
Q1 0 26398 2
Q1 0 80299 2
Q1 0 41688 2
Q1 0 94053 1
Q1 0 2938 1
Q1 0 53880 1
Q1 0 36803 1
Q1 0 3693 1
Q1 0 75613 1
Q1 0 84024 1
Q1 0 80372 1
Q1 0 22923 1
Q1 0 75339 1
Q1 0 67533 1
Q1 0 90706 1
Q1 0 99263 1
Q1 0 49509 1
Q1 0 44341 1
Q1 0 3791 1
Q1 0 80815 1
Q1 0 67705 1
Q1 0 23364 1
Q1 0 49448 1
Q1 0 53095 1
Q1 0 69418 1
Q1 0 88100 1
Q1 0 25155 1
Q1 0 60214 1
Q1 0 24286 1
Q1 0 86403 1
Q1 0 19804 1
Q1 0 20838 1
Q1 0 44504 1
Q1 0 54953 1
Q1 0 3671 1
Q1 0 51271 1
Q1 0 14218 1
Q1 0 76025 1
Q1 0 65397 1
Q1 0 80530 1
Q1 0 76727 1
Q1 0 38187 1
Q1 0 79810 1
Q1 0 6518 1
Q1 0 31828 1
Q1 0 95969 1
Q1 0 74607 1
Q1 0 88680 1
Q1 0 67471 1
Q1 0 79926 1
Q1 0 49136 1
Q1 0 20059 1
Q1 0 16877 1
Q1 0 37586 1
Q1 0 7637 1
Q1 0 66809 1
Q1 0 45437 1
Q1 0 75936 1
Q1 0 76921 1
Q1 0 41572 1
Q1 0 32205 1
Q1 0 51823 1
Q1 0 57303 1
Q1 0 43831 1
Q1 0 9637 1
Q1 0 87656 1
Q1 0 5599 1
Q1 0 14393 1
Q1 0 6842 1
Q1 0 14750 1
Q1 0 28343 1
Q1 0 60572 1
Q1 0 90369 1
Q1 0 14889 1
Q1 0 55074 1
Q1 0 60565 1
Q1 0 26506 1
Q1 0 51980 1
Q1 0 23393 1
Q1 0 14459 1
Q2 0 42549 3
Q2 0 74623 3
Q2 0 45944 3
Q2 0 99034 3
Q2 0 89703 3
Q2 0 94148 3
Q2 0 16974 3
Q2 0 59632 3
Q2 0 33484 3
Q2 0 73016 3
Q2 0 51514 2
Q2 0 52705 2
Q2 0 68260 2
Q2 0 63568 2
Q2 0 95376 2
Q2 0 6763 2
Q2 0 71222 2
Q2 0 85458 2
Q2 0 22427 2
Q2 0 90583 2
Q2 0 58653 2
Q2 0 95115 1
Q2 0 92389 2
Q2 0 96014 1
Q2 0 51175 2
Q2 0 62678 2
Q2 0 33108 2
Q2 0 875 3
Q2 0 27046 1
Q2 0 81481 2
Q2 0 94566 1
Q2 0 43985 2
Q2 0 69310 2
Q2 0 5353 2
Q2 0 90494 2
Q2 0 85371 2
Q2 0 76292 1
Q2 0 9072 1
Q2 0 65442 1
Q2 0 21217 1
Q2 0 63581 1
Q2 0 79208 1
Q2 0 61730 2
Q2 0 14650 1
Q2 0 59623 1
Q2 0 4064 1
Q2 0 68557 1
Q2 0 46820 2
Q2 0 49488 1
Q2 0 39574 1
Q2 0 30944 1
Q2 0 18879 1
Q2 0 97462 1
Q2 0 16824 1
Q2 0 88308 1
Q2 0 82891 2
Q2 0 2687 1
Q2 0 59873 1
Q2 0 5918 2
Q2 0 39090 1
Q2 0 33983 1
Q2 0 45796 2
Q2 0 88436 2
Q2 0 53315 2
Q2 0 4793 2
Q2 0 78396 1
Q2 0 5236 2
Q2 0 47390 1
Q2 0 60520 1
Q2 0 6111 2
Q2 0 57587 1
Q2 0 3162 1
Q2 0 62777 1
Q2 0 536 1
Q2 0 56875 1
Q2 0 89337 1
Q2 0 48558 1
Q2 0 78912 1
Q2 0 86063 1
Q2 0 94845 1
Q2 0 37037 1
Q2 0 85516 1
Q2 0 97832 1
Q2 0 10542 1
Q2 0 91770 1
Q2 0 78813 1
Q2 0 16472 1
Q2 0 18993 2
Q2 0 994 1
Q2 0 32190 1
Q2 0 50801 2
Q2 0 15906 2
Q2 0 60365 1
Q2 0 23750 1
Q2 0 34440 1
Q2 0 32958 1
Q2 0 15083 1
Q2 0 38904 1
Q2 0 96109 2
Q2 0 38382 3
Q2 0 72590 3
Q2 0 99101 1
Q2 0 29851 2
Q2 0 70504 3
Q2 0 79166 1
Q2 0 37334 1
Q2 0 46032 1
Q2 0 22556 3
Q2 0 50352 3
Q2 0 83832 2
Q2 0 87466 2
Q2 0 60911 2
Q2 0 93443 1
Q2 0 84097 2
Q2 0 63992 2
Q2 0 24327 1
Q2 0 23768 2
Q2 0 14401 2
Q2 0 29082 2
Q2 0 82420 3
Q2 0 18790 2
Q2 0 10969 2
Q2 0 24447 2
Q2 0 387 3
Q2 0 52796 3
Q2 0 88833 2
Q2 0 45191 2
Q2 0 55422 2
Q2 0 59077 2
Q2 0 3352 2
Q2 0 46745 2
Q2 0 89722 2
Q2 0 84941 2
Q2 0 68664 2
Q2 0 68519 2
Q2 0 90880 2
Q2 0 45828 1
Q2 0 72996 1
Q2 0 40664 1
Q2 0 36984 2
Q2 0 24751 1
Q2 0 82600 1
Q2 0 85194 1
Q2 0 72787 1
Q2 0 56276 1
Q2 0 65991 1
Q2 0 49261 1
Q2 0 44703 1
Q2 0 89015 1
Q2 0 64149 1
Q2 0 58706 1
Q2 0 39842 1
Q2 0 52011 1
Q2 0 17809 1
Q2 0 89115 1
Q2 0 91468 1
Q2 0 85905 1
Q2 0 80063 1
Q2 0 60407 1
Q2 0 95303 1
Q2 0 56174 1
Q2 0 75749 1
Q2 0 19997 1
Q2 0 34549 1
Q2 0 94233 2
Q2 0 32755 1
Q2 0 2864 1
Q2 0 77096 1
Q2 0 70969 1
Q2 0 38788 1
Q2 0 28525 1
Q2 0 60369 1
Q2 0 88946 1
Q2 0 99591 1
Q2 0 90659 1
Q2 0 67860 1
Q2 0 28933 1
Q2 0 60270 1
Q2 0 55078 1
Q2 0 48031 1
Q2 0 68481 1
Q2 0 35398 1
Q2 0 55592 1
Q2 0 5518 1
Q2 0 44909 1
Q2 0 40756 1
Q2 0 95128 1
Q2 0 52626 1
Q2 0 87103 1
Q2 0 48222 1
Q2 0 25439 1
Q2 0 4274 1
Q2 0 26748 1
Q2 0 78031 1
Q2 0 94873 1
Q2 0 98219 1
Q2 0 53327 1
Q2 0 34435 1
Q2 0 68629 1
Q2 0 93302 1
Q2 0 62310 1
Q2 0 45732 1
Q2 0 8594 1
Q2 0 34102 1
Q2 0 31588 1
Q2 0 63672 1
Q2 0 82883 1
Q2 0 28399 1
Q2 0 75568 1
Q2 0 92126 1
Q2 0 10401 1
Q2 0 29054 1
Q2 0 65757 1
Q2 0 82869 1
Q2 0 2910 1
Q2 0 95562 1
Q2 0 59324 1
Q2 0 49739 1
Q2 0 45840 2
Q2 0 24643 2
Q2 0 21137 2
Q2 0 29665 2
Q2 0 18877 2
Q2 0 15127 1
Q2 0 9956 1
Q2 0 53106 1
Q2 0 48086 1
Q2 0 16962 1
Q2 0 11421 1
Q2 0 25507 1
Q2 0 98548 1
Q2 0 19574 1
Q2 0 52150 1
Q2 0 38487 1
Q2 0 4847 1
Q2 0 89349 1
Q2 0 33885 1
Q2 0 85109 1
Q2 0 82975 1
Q2 0 34346 1
Q2 0 53890 1
Q2 0 54052 1
Q2 0 76692 1
Q2 0 6363 1
Q2 0 70212 1
Q2 0 28792 1
Q2 0 23790 1
Q2 0 2569 1
Q2 0 99294 1
Q2 0 97999 1
Q2 0 13309 1
Q2 0 75025 1
Q2 0 2436 1
Q2 0 90191 1
Q2 0 72222 1
Q2 0 14091 1
Q2 0 32146 1
Q2 0 51073 1
Q2 0 7567 1
Q2 0 87082 1
Q2 0 337 1
Q2 0 9242 1
Q2 0 64059 1
Q2 0 35389 1
Q2 0 36897 1
Q2 0 21514 1
Q2 0 61415 1
Q2 0 21843 1
Q2 0 7907 1
Q2 0 93723 1
Q2 0 19452 1
Q2 0 66081 1
Q2 0 26185 1
Q2 0 24839 1
Q2 0 10626 1
Q2 0 71039 1
Q2 0 42270 1
Q2 0 74788 1
Q2 0 88769 1
Q2 0 6122 1
Q2 0 74371 1
Q2 0 45942 2
Q2 0 8578 2
Q2 0 6165 2
Q2 0 89696 2
Q2 0 42547 2
Q2 0 37261 2
Q2 0 85451 2
Q2 0 38786 2
Q2 0 30520 2
Q2 0 19831 2
Q2 0 70500 2
Q2 0 81427 2
Q2 0 54286 2
Q2 0 91365 2
Q2 0 89330 2
Q2 0 94029 2
Q2 0 3056 2
Q2 0 27561 2
Q2 0 56274 2
Q2 0 68256 2
Q2 0 99027 1
Q2 0 22425 1
Q2 0 10645 1
Q2 0 92119 1
Q2 0 63419 1
Q2 0 76992 1
Q2 0 64216 1
Q2 0 9240 1
Q2 0 42173 1
Q2 0 82625 1
Q2 0 59451 1
Q2 0 49737 1
Q2 0 75346 1
Q2 0 79800 1
Q2 0 32645 1
Q2 0 91763 1
Q2 0 98986 1
Q2 0 79789 1
Q2 0 45974 1
Q2 0 16451 1
Q2 0 63067 1
Q2 0 48084 1
Q2 0 28538 1
Q2 0 3516 1
Q2 0 82594 1
Q2 0 42648 1
Q2 0 34575 1
Q2 0 46818 1
Q2 0 59630 1
Q2 0 7058 1
Q2 0 82779 1
Q2 0 1856 1
Q2 0 34330 1
Q2 0 85293 1
Q2 0 89008 1
Q2 0 58651 1
Q2 0 43983 1
Q2 0 37573 1
Q2 0 36533 1
Q2 0 47047 1
Q2 0 71802 1
Q2 0 41657 1
Q2 0 23766 1
Q2 0 65085 1
Q2 0 67448 1
Q2 0 31915 1
Q2 0 81816 1
Q2 0 50838 1
Q2 0 62038 1
Q2 0 59398 1
Q2 0 4063 1
Q2 0 10739 1
Q2 0 64332 1
Q2 0 21065 1
Q2 0 46750 1
Q2 0 5235 1
Q2 0 78808 1
Q2 0 78289 1
Q2 0 43712 1
Q2 0 20391 1
Q2 0 80011 1
Q2 0 93561 1
Q2 0 60268 1
Q2 0 52624 1
Q2 0 97455 1
Q2 0 89874 1
Q2 0 84688 1
Q2 0 14089 1
Q2 0 11981 1
Q2 0 29215 1
Q2 0 118 1
Q2 0 5517 1
Q2 0 40380 1
Q2 0 48649 1
Q2 0 45189 1
Q2 0 50350 1
Q2 0 78760 1
Q2 0 88429 1
Q3 0 5681 3
Q3 0 4896 3
Q3 0 7742 3
Q3 0 99476 3
Q3 0 99614 3
Q3 0 42040 3
Q3 0 43666 3
Q3 0 58933 3
Q3 0 61076 3
Q3 0 33743 3
Q3 0 27755 2
Q3 0 88264 2
Q3 0 2798 2
Q3 0 33644 2
Q3 0 31960 2
Q3 0 16187 2
Q3 0 67789 2
Q3 0 62925 2
Q3 0 40986 2
Q3 0 99784 2
Q3 0 19010 2
Q3 0 97984 2
Q3 0 56310 2
Q3 0 93816 2
Q3 0 40023 2
Q3 0 28280 1
Q3 0 61740 2
Q3 0 87565 2
Q3 0 86017 2
Q3 0 67 2
Q3 0 25727 1
Q3 0 32994 2
Q3 0 93708 2
Q3 0 86760 2
Q3 0 65403 2
Q3 0 80342 1
Q3 0 50645 3
Q3 0 25887 1
Q3 0 4164 2
Q3 0 60111 1
Q3 0 98828 3
Q3 0 52879 2
Q3 0 11342 2
Q3 0 20389 3
Q3 0 34456 1
Q3 0 51674 1
Q3 0 56206 2
Q3 0 94956 1
Q3 0 78390 1
Q3 0 26956 1
Q3 0 40831 1
Q3 0 3860 2
Q3 0 16846 2
Q3 0 49638 2
Q3 0 27130 2
Q3 0 29461 1
Q3 0 75275 1
Q3 0 21481 1
Q3 0 30141 2
Q3 0 78205 2
Q3 0 26197 2
Q3 0 1913 1
Q3 0 5822 2
Q3 0 70372 2
Q3 0 16625 1
Q3 0 35139 1
Q3 0 26194 2
Q3 0 6846 2
Q3 0 52863 1
Q3 0 54853 1
Q3 0 8408 1
Q3 0 92929 1
Q3 0 4647 1
Q3 0 85521 1
Q3 0 65786 2
Q3 0 48644 1
Q3 0 48043 1
Q3 0 41012 2
Q3 0 262 1
Q3 0 13938 2
Q3 0 18403 1
Q3 0 64472 2
Q3 0 24721 1
Q3 0 84865 1
Q3 0 69285 1
Q3 0 25515 1
Q3 0 46678 1
Q3 0 86407 3
Q3 0 7838 2
Q3 0 70697 1
Q3 0 92446 1
Q3 0 97849 2
Q3 0 74900 2
Q3 0 11507 1
Q3 0 34977 1
Q3 0 65493 1
Q3 0 2807 1
Q3 0 8479 1
Q3 0 74868 1
Q3 0 61972 2
Q3 0 52331 2
Q3 0 21676 2
Q3 0 93071 3
Q3 0 43360 3
Q3 0 28932 2
Q3 0 41733 2
Q3 0 2567 2
Q3 0 23884 2
Q3 0 44044 2
Q3 0 29847 3
Q3 0 20299 2
Q3 0 91007 1
Q3 0 95916 2
Q3 0 60727 2
Q3 0 48672 1
Q3 0 60587 2
Q3 0 82776 2
Q3 0 43171 2
Q3 0 85963 1
Q3 0 24229 2
Q3 0 78889 2
Q3 0 13203 2
Q3 0 18185 2
Q3 0 28915 1
Q3 0 17996 2
Q3 0 54789 2
Q3 0 59422 2
Q3 0 76328 1
Q3 0 66614 2
Q3 0 54970 1
Q3 0 28406 2
Q3 0 234 2
Q3 0 82445 1
Q3 0 94494 2
Q3 0 63462 1
Q3 0 74182 1
Q3 0 28790 1
Q3 0 47070 1
Q3 0 99272 2
Q3 0 16171 1
Q3 0 13766 1
Q3 0 89748 1
Q3 0 9396 1
Q3 0 14352 2
Q3 0 69378 1
Q3 0 70249 1
Q3 0 86059 1
Q3 0 73457 1
Q3 0 75618 1
Q3 0 315 1
Q3 0 37585 1
Q3 0 51718 1
Q3 0 36323 1
Q3 0 75375 1
Q3 0 929 1
Q3 0 72889 1
Q3 0 426 1
Q3 0 73894 1
Q3 0 40157 1
Q3 0 58590 1
Q3 0 74234 1
Q3 0 32869 1
Q3 0 534 1
Q3 0 32243 1
Q3 0 72848 1
Q3 0 80344 1
Q3 0 20239 1
Q3 0 22800 1
Q3 0 90668 1
Q3 0 33196 1
Q3 0 75457 1
Q3 0 66177 1
Q3 0 59896 1
Q3 0 20295 1
Q3 0 51489 1
Q3 0 35436 1
Q3 0 50487 2
Q3 0 15000 2
Q3 0 91155 2
Q3 0 73006 2
Q3 0 52052 2
Q3 0 17328 2
Q3 0 71213 2
Q3 0 12496 2
Q3 0 79936 2
Q3 0 57546 2
Q3 0 3813 2
Q3 0 48069 2
Q3 0 26133 2
Q3 0 59637 2
Q3 0 28022 1
Q3 0 28633 1
Q3 0 78260 1
Q3 0 79932 1
Q3 0 76449 1
Q3 0 81661 1
Q3 0 80492 1
Q3 0 62935 1
Q3 0 26530 1
Q3 0 88229 1
Q3 0 24328 1
Q3 0 45563 1
Q3 0 59786 1
Q3 0 93709 1
Q3 0 23111 1
Q3 0 29390 1
Q3 0 96520 1
Q3 0 56967 1
Q3 0 78245 1
Q3 0 8342 1
Q3 0 90558 1
Q3 0 37369 1
Q3 0 72393 1
Q3 0 20632 1
Q3 0 86119 1
Q3 0 55717 1
Q3 0 60305 1
Q3 0 43496 1
Q3 0 81351 1
Q3 0 91625 1
Q3 0 98746 1
Q3 0 8834 1
Q3 0 53150 1
Q3 0 9450 1
Q3 0 24849 1
Q3 0 7362 1
Q3 0 54217 1
Q3 0 12594 1
Q3 0 96749 1
Q3 0 7482 1
Q3 0 53894 1
Q3 0 53587 1
Q3 0 64461 1
Q3 0 44157 1
Q3 0 86048 1
Q3 0 35062 1
Q3 0 24933 1
Q3 0 6549 1
Q3 0 50810 1
Q3 0 66290 1
Q3 0 98440 1
Q3 0 37400 1
Q3 0 87578 1
Q3 0 57029 1
Q3 0 34269 1
Q3 0 454 2
Q3 0 85985 1
Q3 0 6521 1
Q3 0 60960 1
Q3 0 73998 1
Q3 0 9822 1
Q3 0 54118 1
Q3 0 3036 1
Q3 0 22848 1
Q3 0 86214 1
Q3 0 24395 1
Q3 0 89314 1
Q3 0 76809 2
Q3 0 56308 2
Q3 0 86366 2
Q3 0 45525 2
Q3 0 43664 2
Q3 0 72638 2
Q3 0 7741 2
Q3 0 41261 2
Q3 0 41017 2
Q3 0 59687 2
Q3 0 16078 2
Q3 0 99607 2
Q3 0 61738 2
Q3 0 20185 2
Q3 0 77871 2
Q3 0 32241 2
Q3 0 40778 2
Q3 0 67754 2
Q3 0 20499 2
Q3 0 86207 2
Q3 0 29700 1
Q3 0 98821 1
Q3 0 67786 1
Q3 0 32867 1
Q3 0 2645 1
Q3 0 34513 1
Q3 0 33433 1
Q3 0 49453 1
Q3 0 2797 1
Q3 0 58944 1
Q3 0 47212 1
Q3 0 54851 1
Q3 0 69313 1
Q3 0 30014 1
Q3 0 31460 1
Q3 0 85642 1
Q3 0 42210 1
Q3 0 52782 1
Q3 0 75846 1
Q3 0 93809 1
Q3 0 51883 1
Q3 0 20508 1
Q3 0 52877 1
Q3 0 77775 1
Q3 0 19686 1
Q3 0 14180 1
Q3 0 59839 1
Q3 0 5012 1
Q3 0 63459 1
Q3 0 7025 1
Q3 0 40021 1
Q3 0 6686 1
Q3 0 82246 1
Q3 0 11551 1
Q3 0 8833 1
Q3 0 65490 1
Q3 0 20442 1
Q3 0 86052 1
Q3 0 36313 1
Q3 0 59006 1
Q3 0 78200 1
Q3 0 59249 1
Q3 0 63697 1
Q3 0 95638 1
Q3 0 34482 1
Q3 0 75270 1
Q3 0 46293 1
Q3 0 11340 1
Q3 0 1744 1
Q3 0 86753 1
Q3 0 71414 1
Q3 0 51321 1
Q3 0 91245 1
Q3 0 77761 1
Q3 0 20387 1
Q3 0 97602 1
Q3 0 94949 1
Q3 0 47791 1
Q3 0 19593 1
Q3 0 26192 1
Q3 0 21221 1
Q3 0 85184 1
Q3 0 58931 1
Q3 0 66584 1
Q3 0 11642 1
Q3 0 33741 1
Q3 0 73453 1
Q3 0 48271 1
Q3 0 27108 1
Q3 0 52073 1
Q3 0 87774 1
Q3 0 54735 1
Q3 0 75980 1
Q3 0 93472 1
Q3 0 53562 1
Q3 0 13327 1
Q3 0 8785 1
Q3 0 36721 1
Q3 0 45278 1
Q4 0 89863 3
Q4 0 79744 3
Q4 0 89157 3
Q4 0 99801 3
Q4 0 91968 3
Q4 0 9745 3
Q4 0 8085 3
Q4 0 59267 3
Q4 0 16254 3
Q4 0 87930 3
Q4 0 17786 2
Q4 0 89354 2
Q4 0 20909 2
Q4 0 60400 2
Q4 0 59126 2
Q4 0 64694 2
Q4 0 990 2
Q4 0 87843 2
Q4 0 18898 2
Q4 0 9993 2
Q4 0 65548 2
Q4 0 75105 2
Q4 0 84972 2
Q4 0 82470 2
Q4 0 27847 2
Q4 0 26535 2
Q4 0 12522 2
Q4 0 68699 2
Q4 0 67204 2
Q4 0 92347 2
Q4 0 47975 1
Q4 0 73165 2
Q4 0 76721 1
Q4 0 82451 2
Q4 0 72500 1
Q4 0 22202 1
Q4 0 76175 1
Q4 0 40245 1
Q4 0 88642 1
Q4 0 14196 1
Q4 0 42237 3
Q4 0 75939 2
Q4 0 21392 3
Q4 0 80165 2
Q4 0 13954 1
Q4 0 25333 1
Q4 0 85223 1
Q4 0 87446 2
Q4 0 13044 1
Q4 0 85824 1
Q4 0 16422 2
Q4 0 54088 1
Q4 0 69625 1
Q4 0 15824 1
Q4 0 9366 1
Q4 0 77029 2
Q4 0 9132 2
Q4 0 11192 1
Q4 0 67737 2
Q4 0 38540 2
Q4 0 46756 2
Q4 0 77056 1
Q4 0 46304 2
Q4 0 22323 1
Q4 0 24629 1
Q4 0 97394 1
Q4 0 88716 2
Q4 0 23432 2
Q4 0 68477 1
Q4 0 70559 1
Q4 0 4458 1
Q4 0 68652 1
Q4 0 61812 1
Q4 0 89882 2
Q4 0 42436 1
Q4 0 61606 1
Q4 0 38538 1
Q4 0 86987 1
Q4 0 40583 1
Q4 0 85273 1
Q4 0 34849 1
Q4 0 91826 1
Q4 0 20408 1
Q4 0 85464 1
Q4 0 35935 1
Q4 0 94016 1
Q4 0 56009 2
Q4 0 87137 1
Q4 0 54596 1
Q4 0 79330 1
Q4 0 12662 1
Q4 0 26084 1
Q4 0 96460 1
Q4 0 93100 3
Q4 0 86398 1
Q4 0 9177 2
Q4 0 11463 1
Q4 0 77249 1
Q4 0 48455 1
Q4 0 98061 1
Q4 0 24521 2
Q4 0 52390 2
Q4 0 10952 2
Q4 0 46527 2
Q4 0 86862 2
Q4 0 56373 1
Q4 0 7374 2
Q4 0 233 3
Q4 0 71701 2
Q4 0 62954 2
Q4 0 93041 2
Q4 0 77884 1
Q4 0 58361 2
Q4 0 33443 2
Q4 0 81597 2
Q4 0 23482 2
Q4 0 21773 2
Q4 0 85381 2
Q4 0 2363 2
Q4 0 66873 2
Q4 0 9360 2
Q4 0 24805 1
Q4 0 97836 2
Q4 0 78960 2
Q4 0 58034 2
Q4 0 71180 2
Q4 0 76308 2
Q4 0 10238 2
Q4 0 21308 2
Q4 0 77983 2
Q4 0 67365 2
Q4 0 12896 2
Q4 0 26598 2
Q4 0 72598 2
Q4 0 84493 2
Q4 0 20866 2
Q4 0 67699 1
Q4 0 13353 2
Q4 0 23944 2
Q4 0 31129 2
Q4 0 52913 1
Q4 0 39787 1
Q4 0 21956 1
Q4 0 59036 1
Q4 0 62119 1
Q4 0 40864 1
Q4 0 86580 1
Q4 0 75291 1
Q4 0 86596 1
Q4 0 93244 2
Q4 0 7685 1
Q4 0 96414 1
Q4 0 43304 1
Q4 0 87230 1
Q4 0 7072 1
Q4 0 83740 1
Q4 0 43424 1
Q4 0 85149 1
Q4 0 10342 1
Q4 0 42544 1
Q4 0 21985 1
Q4 0 88065 1
Q4 0 84690 1
Q4 0 85313 1
Q4 0 60586 1
Q4 0 55967 1
Q4 0 70770 1
Q4 0 8151 1
Q4 0 54486 1
Q4 0 30715 1
Q4 0 45295 1
Q4 0 29588 1
Q4 0 16609 1
Q4 0 31568 1
Q4 0 95211 1
Q4 0 7860 1
Q4 0 97974 1
Q4 0 72475 1
Q4 0 71805 1
Q4 0 83343 1
Q4 0 24867 1
Q4 0 33747 1
Q4 0 56089 1
Q4 0 19011 1
Q4 0 58016 1
Q4 0 44498 1
Q4 0 51924 1
Q4 0 95859 1
Q4 0 83328 1
Q4 0 20840 1
Q4 0 32726 1
Q4 0 5849 1
Q4 0 96504 1
Q4 0 8954 1
Q4 0 5192 1
Q4 0 54712 1
Q4 0 7482 1
Q4 0 73377 1
Q4 0 24288 1
Q4 0 56000 1
Q4 0 76646 1
Q4 0 21555 1
Q4 0 41368 1
Q4 0 51147 1
Q4 0 60670 2
Q4 0 36503 2
Q4 0 75434 2
Q4 0 78398 2
Q4 0 73774 2
Q4 0 65360 2
Q4 0 64434 1
Q4 0 22114 1
Q4 0 94436 1
Q4 0 30125 1
Q4 0 8900 1
Q4 0 78892 1
Q4 0 36434 1
Q4 0 89636 1
Q4 0 53934 1
Q4 0 66767 1
Q4 0 72244 1
Q4 0 6621 1
Q4 0 29430 1
Q4 0 3124 1
Q4 0 48753 1
Q4 0 56537 1
Q4 0 77355 1
Q4 0 6521 1
Q4 0 26600 1
Q4 0 70133 1
Q4 0 52069 1
Q4 0 61450 1
Q4 0 4923 1
Q4 0 19122 1
Q4 0 68461 1
Q4 0 47260 1
Q4 0 90887 1
Q4 0 46903 1
Q4 0 21180 1
Q4 0 57944 1
Q4 0 78345 1
Q4 0 78496 1
Q4 0 30653 1
Q4 0 67553 1
Q4 0 89054 1
Q4 0 87050 1
Q4 0 29674 1
Q4 0 6351 1
Q4 0 49124 1
Q4 0 17510 1
Q4 0 800 1
Q4 0 42235 2
Q4 0 93237 2
Q4 0 89150 2
Q4 0 75100 2
Q4 0 71176 2
Q4 0 43302 2
Q4 0 41745 2
Q4 0 59124 2
Q4 0 64691 2
Q4 0 16252 2
Q4 0 21553 2
Q4 0 86855 2
Q4 0 5295 2
Q4 0 54831 2
Q4 0 57784 2
Q4 0 85142 2
Q4 0 99794 2
Q4 0 89856 2
Q4 0 76303 2
Q4 0 30651 2
Q4 0 82464 1
Q4 0 78955 1
Q4 0 93034 1
Q4 0 6350 1
Q4 0 78491 1
Q4 0 91961 1
Q4 0 17880 1
Q4 0 90880 1
Q4 0 31798 1
Q4 0 65822 1
Q4 0 82445 1
Q4 0 21390 1
Q4 0 70083 1
Q4 0 47152 1
Q4 0 68955 1
Q4 0 87223 1
Q4 0 9991 1
Q4 0 56007 1
Q4 0 24865 1
Q4 0 67201 1
Q4 0 21829 1
Q4 0 15946 1
Q4 0 79739 1
Q4 0 53263 1
Q4 0 99180 1
Q4 0 37014 1
Q4 0 30807 1
Q4 0 82678 1
Q4 0 65754 1
Q4 0 72594 1
Q4 0 74433 1
Q4 0 52911 1
Q4 0 99264 1
Q4 0 9817 1
Q4 0 49134 1
Q4 0 89393 1
Q4 0 19120 1
Q4 0 38895 1
Q4 0 80160 1
Q4 0 92340 1
Q4 0 73161 1
Q4 0 86573 1
Q4 0 91969 1
Q4 0 75757 1
Q4 0 26533 1
Q4 0 86790 1
Q4 0 22112 1
Q4 0 16420 1
Q4 0 21771 1
Q4 0 9743 1
Q4 0 26596 1
Q4 0 60398 1
Q4 0 21730 1
Q4 0 1658 1
Q4 0 29979 1
Q4 0 98500 1
Q4 0 7447 1
Q4 0 84683 1
Q4 0 25687 1
Q4 0 93093 1
Q4 0 2972 1
Q4 0 37465 1
Q4 0 81979 1
Q4 0 76034 1
Q4 0 59265 1
Q4 0 29041 1
Q4 0 47485 1
Q4 0 6649 1
Q4 0 58637 1
Q4 0 7744 1
Q4 0 4389 1
Q4 0 71810 1
Q4 0 66881 1
Q4 0 74525 1
Q4 0 12520 1
Q4 0 42686 1
Q4 0 28734 1
Q4 0 70555 1
Q4 0 10950 1
Q4 0 9727 1
Q5 0 28063 3
Q5 0 33715 3
Q5 0 4698 3
Q5 0 82113 3
Q5 0 31405 3
Q5 0 52177 3
Q5 0 32173 3
Q5 0 40378 3
Q5 0 1656 3
Q5 0 59038 3
Q5 0 17033 2
Q5 0 53254 2
Q5 0 67538 2
Q5 0 1049 3
Q5 0 20494 2
Q5 0 88100 2
Q5 0 79769 2
Q5 0 15458 2
Q5 0 28942 2
Q5 0 31596 2
Q5 0 82580 2
Q5 0 94534 2
Q5 0 36200 2
Q5 0 29042 2
Q5 0 15707 2
Q5 0 49826 2
Q5 0 17879 2
Q5 0 21835 2
Q5 0 92090 2
Q5 0 43686 2
Q5 0 95988 2
Q5 0 78200 2
Q5 0 45995 3
Q5 0 9037 2
Q5 0 65848 3
Q5 0 4827 2
Q5 0 5420 2
Q5 0 69720 2
Q5 0 49999 2
Q5 0 76031 2
Q5 0 53712 2
Q5 0 79988 2
Q5 0 98251 2
Q5 0 50120 2
Q5 0 69679 3
Q5 0 41526 2
Q5 0 32937 2
Q5 0 20912 2
Q5 0 28359 2
Q5 0 38093 2
Q5 0 96796 2
Q5 0 41292 2
Q5 0 20101 1
Q5 0 67188 2
Q5 0 8381 2
Q5 0 50209 2
Q5 0 31848 1
Q5 0 58693 2
Q5 0 19497 2
Q5 0 17067 2
Q5 0 65354 2
Q5 0 18811 2
Q5 0 21745 2
Q5 0 16891 1
Q5 0 83066 2
Q5 0 61447 1
Q5 0 74384 2
Q5 0 52204 2
Q5 0 71395 1
Q5 0 99578 1
Q5 0 44175 2
Q5 0 5429 2
Q5 0 87660 1
Q5 0 3873 2
Q5 0 79297 2
Q5 0 66505 2
Q5 0 78795 2
Q5 0 48658 1
Q5 0 41555 2
Q5 0 4973 1
Q5 0 74062 2
Q5 0 59420 2
Q5 0 38917 2
Q5 0 73613 2
Q5 0 49721 1
Q5 0 19567 3
Q5 0 36903 1
Q5 0 66911 2
Q5 0 8169 1
Q5 0 9278 1
Q5 0 80125 1
Q5 0 2512 2
Q5 0 25060 2
Q5 0 64476 2
Q5 0 84671 2
Q5 0 17901 1
Q5 0 30367 3
Q5 0 68315 2
Q5 0 77187 1
Q5 0 776 2
Q5 0 97765 1
Q5 0 7582 1
Q5 0 28867 2
Q5 0 87117 2
Q5 0 63079 2
Q5 0 15854 2
Q5 0 73289 2
Q5 0 93039 3
Q5 0 27687 2
Q5 0 94069 2
Q5 0 84741 1
Q5 0 27523 2
Q5 0 29469 2
Q5 0 50598 2
Q5 0 92216 2
Q5 0 55307 2
Q5 0 82182 2
Q5 0 85241 2
Q5 0 67048 1
Q5 0 7728 2
Q5 0 48414 1
Q5 0 32889 1
Q5 0 69516 1
Q5 0 57421 2
Q5 0 31702 1
Q5 0 11237 1
Q5 0 80481 1
Q5 0 1446 2
Q5 0 65350 1
Q5 0 8415 1
Q5 0 88192 1
Q5 0 10034 1
Q5 0 9250 1
Q5 0 11517 1
Q5 0 57270 1
Q5 0 21121 2
Q5 0 75070 1
Q5 0 94802 1
Q5 0 45200 2
Q5 0 4316 2
Q5 0 1371 1
Q5 0 37728 1
Q5 0 66384 1
Q5 0 35223 1
Q5 0 11869 1
Q5 0 47478 1
Q5 0 89980 1
Q5 0 89811 1
Q5 0 71937 1
Q5 0 65094 1
Q5 0 34977 1
Q5 0 78288 1
Q5 0 84623 1
Q5 0 44336 1
Q5 0 2380 1
Q5 0 18737 1
Q5 0 26997 1
Q5 0 25608 1
Q5 0 26332 1
Q5 0 59545 1
Q5 0 65918 1
Q5 0 33560 1
Q5 0 54194 1
Q5 0 65042 1
Q5 0 99141 1
Q5 0 15000 1
Q5 0 880 2
Q5 0 22635 1
Q5 0 71686 1
Q5 0 21609 1
Q5 0 21325 1
Q5 0 69426 1
Q5 0 47389 1
Q5 0 85628 1
Q5 0 46670 1
Q5 0 55051 1
Q5 0 27002 1
Q5 0 91482 1
Q5 0 8671 1
Q5 0 8077 1
Q5 0 20578 1
Q5 0 18903 1
Q5 0 79751 1
Q5 0 46805 1
Q5 0 55526 1
Q5 0 70754 1
Q5 0 29888 1
Q5 0 7824 2
Q5 0 6041 2
Q5 0 21212 2
Q5 0 34393 2
Q5 0 10652 2
Q5 0 16668 1
Q5 0 7719 1
Q5 0 84635 1
Q5 0 81113 1
Q5 0 17961 1
Q5 0 79855 1
Q5 0 84012 1
Q5 0 45500 1
Q5 0 32936 1
Q5 0 60511 1
Q5 0 42781 1
Q5 0 91832 1
Q5 0 60624 1
Q5 0 95399 1
Q5 0 63329 1
Q5 0 78265 1
Q5 0 24084 1
Q5 0 64818 1
Q5 0 3951 1
Q5 0 26703 1
Q5 0 10189 1
Q5 0 69869 1
Q5 0 37708 1
Q5 0 62282 1
Q5 0 68476 1
Q5 0 30096 1
Q5 0 71067 1
Q5 0 89779 1
Q5 0 54369 1
Q5 0 3618 1
Q5 0 2456 1
Q5 0 73903 1
Q5 0 22597 1
Q5 0 56153 1
Q5 0 84119 1
Q5 0 89982 1
Q5 0 29434 1
Q5 0 14621 1
Q5 0 11520 1
Q5 0 4916 1
Q5 0 71750 1
Q5 0 98047 1
Q5 0 14300 1
Q5 0 62224 1
Q5 0 9293 1
Q5 0 14736 1
Q5 0 21509 1
Q5 0 31512 1
Q5 0 18384 1
Q5 0 65144 1
Q5 0 98163 1
Q5 0 87491 1
Q5 0 26716 1
Q5 0 19498 1
Q5 0 97808 1
Q5 0 46739 1
Q5 0 94736 1
Q5 0 28308 1
Q5 0 15054 1
Q5 0 76614 1
Q5 0 12981 1
Q5 0 67147 1
Q5 0 93465 1
Q5 0 25503 1
Q5 0 22518 1
Q5 0 52175 2
Q5 0 50118 2
Q5 0 32171 2
Q5 0 31403 2
Q5 0 4972 2
Q5 0 4697 2
Q5 0 5428 2
Q5 0 25018 2
Q5 0 43579 2
Q5 0 82574 2
Q5 0 7727 2
Q5 0 49997 2
Q5 0 33048 2
Q5 0 87403 2
Q5 0 29886 2
Q5 0 83060 2
Q5 0 32935 2
Q5 0 3872 2
Q5 0 58922 2
Q5 0 65351 2
Q5 0 94527 1
Q5 0 28061 1
Q5 0 67535 1
Q5 0 69512 1
Q5 0 31594 1
Q5 0 96789 1
Q5 0 17611 1
Q5 0 8380 1
Q5 0 45498 1
Q5 0 59418 1
Q5 0 67185 1
Q5 0 71588 1
Q5 0 2308 1
Q5 0 68083 1
Q5 0 50428 1
Q5 0 46110 1
Q5 0 97801 1
Q5 0 40353 1
Q5 0 17031 1
Q5 0 10032 1
Q5 0 19496 1
Q5 0 77237 1
Q5 0 2639 1
Q5 0 92693 1
Q5 0 62549 1
Q5 0 46668 1
Q5 0 68311 1
Q5 0 5659 1
Q5 0 99442 1
Q5 0 56453 1
Q5 0 18178 1
Q5 0 95395 1
Q5 0 810 1
Q5 0 76483 1
Q5 0 38091 1
Q5 0 72373 1
Q5 0 91505 1
Q5 0 60722 1
Q5 0 16230 1
Q5 0 14510 1
Q5 0 34519 1
Q5 0 10487 1
Q5 0 92083 1
Q5 0 58988 1
Q5 0 20492 1
Q5 0 24125 1
Q5 0 18809 1
Q5 0 40082 1
Q5 0 54873 1
Q5 0 95981 1
Q5 0 52202 1
Q5 0 92209 1
Q5 0 71391 1
Q5 0 86883 1
Q5 0 17065 1
Q5 0 69716 1
Q5 0 94057 1
Q5 0 65071 1
Q5 0 63916 1
Q5 0 79292 1
Q5 0 54367 1
Q5 0 14913 1
Q5 0 79746 1
Q5 0 92342 1
Q5 0 95014 1
Q5 0 78305 1
Q5 0 28497 1
Q5 0 27521 1
Q5 0 25318 1
Q5 0 47155 1
Q5 0 18660 1
Q5 0 11867 1
Q5 0 69865 1
Q5 0 63327 1
Q5 0 42914 1
Q5 0 14998 1
Q5 0 8414 1
Q5 0 88596 1
Q5 0 80779 1
Q6 0 51273 3
Q6 0 14875 3
Q6 0 45046 3
Q6 0 60203 3
Q6 0 19383 3
Q6 0 6893 3
Q6 0 84606 3
Q6 0 24597 3
Q6 0 14596 3
Q6 0 50586 3
Q6 0 72191 2
Q6 0 10671 2
Q6 0 15424 2
Q6 0 62544 2
Q6 0 3453 2
Q6 0 62510 2
Q6 0 11921 2
Q6 0 45852 2
Q6 0 57750 2
Q6 0 47674 2
Q6 0 26104 2
Q6 0 80919 1
Q6 0 94845 2
Q6 0 50996 1
Q6 0 61541 2
Q6 0 87058 2
Q6 0 37733 1
Q6 0 9423 1
Q6 0 89013 1
Q6 0 47891 1
Q6 0 88898 1
Q6 0 2241 2
Q6 0 32070 1
Q6 0 36671 2
Q6 0 1713 1
Q6 0 75941 3
Q6 0 82 1
Q6 0 83519 1
Q6 0 26171 2
Q6 0 18932 2
Q6 0 4468 1
Q6 0 39146 1
Q6 0 92177 1
Q6 0 31506 1
Q6 0 88574 2
Q6 0 9756 2
Q6 0 68444 2
Q6 0 903 2
Q6 0 26157 1
Q6 0 34711 2
Q6 0 4558 3
Q6 0 5449 1
Q6 0 85709 2
Q6 0 46186 2
Q6 0 54383 2
Q6 0 27299 1
Q6 0 41552 1
Q6 0 14461 2
Q6 0 84271 2
Q6 0 1886 3
Q6 0 49161 2
Q6 0 65524 2
Q6 0 40786 1
Q6 0 84863 1
Q6 0 82158 2
Q6 0 6980 2
Q6 0 47121 1
Q6 0 5858 1
Q6 0 442 2
Q6 0 80830 1
Q6 0 73892 2
Q6 0 25560 1
Q6 0 33970 2
Q6 0 83427 2
Q6 0 31127 2
Q6 0 69762 2
Q6 0 23982 2
Q6 0 55076 2
Q6 0 22269 1
Q6 0 43130 1
Q6 0 40121 1
Q6 0 32512 1
Q6 0 96616 2
Q6 0 33354 2
Q6 0 72328 1
Q6 0 20361 2
Q6 0 72918 1
Q6 0 7734 1
Q6 0 32871 1
Q6 0 68060 1
Q6 0 29303 1
Q6 0 55065 2
Q6 0 59244 1
Q6 0 12747 1
Q6 0 67207 2
Q6 0 54759 1
Q6 0 70952 1
Q6 0 79513 1
Q6 0 95026 1
Q6 0 42579 2
Q6 0 25737 1
Q6 0 21224 2
Q6 0 28358 1
Q6 0 8279 2
Q6 0 22206 2
Q6 0 51857 1
Q6 0 83265 2
Q6 0 44343 3
Q6 0 74735 2
Q6 0 37550 2
Q6 0 12644 2
Q6 0 90214 2
Q6 0 18627 2
Q6 0 70480 1
Q6 0 90081 2
Q6 0 99270 2
Q6 0 20238 2
Q6 0 92916 2
Q6 0 3833 2
Q6 0 60574 2
Q6 0 41164 2
Q6 0 89347 3
Q6 0 7532 2
Q6 0 46032 2
Q6 0 12373 2
Q6 0 86206 2
Q6 0 71628 1
Q6 0 59797 1
Q6 0 46664 1
Q6 0 28512 2
Q6 0 21142 2
Q6 0 81980 2
Q6 0 51006 1
Q6 0 22594 2
Q6 0 74612 2
Q6 0 82066 1
Q6 0 69163 2
Q6 0 90376 2
Q6 0 17575 2
Q6 0 71422 1
Q6 0 65925 2
Q6 0 202 3
Q6 0 6712 1
Q6 0 11328 1
Q6 0 68908 1
Q6 0 28631 1
Q6 0 19999 1
Q6 0 29344 1
Q6 0 78784 2
Q6 0 45221 2
Q6 0 9482 2
Q6 0 93917 1
Q6 0 46247 1
Q6 0 12272 1
Q6 0 78130 1
Q6 0 99451 1
Q6 0 80453 2
Q6 0 48023 2
Q6 0 70532 2
Q6 0 77101 2
Q6 0 70880 1
Q6 0 36334 1
Q6 0 64642 1
Q6 0 22722 1
Q6 0 24288 1
Q6 0 24822 1
Q6 0 564 1
Q6 0 54955 1
Q6 0 29621 1
Q6 0 37588 1
Q6 0 92201 1
Q6 0 53140 1
Q6 0 60795 1
Q6 0 97160 1
Q6 0 31353 1
Q6 0 17270 1
Q6 0 82825 1
Q6 0 14752 1
Q6 0 84101 1
Q6 0 23952 1
Q6 0 47589 1
Q6 0 94440 1
Q6 0 53811 1
Q6 0 73586 1
Q6 0 81767 1
Q6 0 56976 1
Q6 0 17540 1
Q6 0 57873 1
Q6 0 61106 1
Q6 0 69761 1
Q6 0 99794 1
Q6 0 51924 1
Q6 0 24062 1
Q6 0 30572 1
Q6 0 88107 1
Q6 0 20840 1
Q6 0 6244 1
Q6 0 63610 1
Q6 0 85985 1
Q6 0 84045 1
Q6 0 99537 1
Q6 0 64620 1
Q6 0 31004 1
Q6 0 84136 1
Q6 0 7978 1
Q6 0 41278 1
Q6 0 41774 1
Q6 0 77956 1
Q6 0 6251 1
Q6 0 35240 1
Q6 0 67708 1
Q6 0 32139 1
Q6 0 49511 1
Q6 0 61327 1
Q6 0 96949 1
Q6 0 20061 1
Q6 0 73734 1
Q6 0 95324 2
Q6 0 92123 2
Q6 0 16312 2
Q6 0 10014 2
Q6 0 63567 2
Q6 0 39429 2
Q6 0 31291 1
Q6 0 88765 1
Q6 0 33288 1
Q6 0 73665 1
Q6 0 13606 1
Q6 0 48234 1
Q6 0 57862 1
Q6 0 28218 1
Q6 0 34079 1
Q6 0 15192 1
Q6 0 46751 1
Q6 0 17944 1
Q6 0 14377 1
Q6 0 97947 1
Q6 0 67781 1
Q6 0 45725 1
Q6 0 3672 1
Q6 0 4964 1
Q6 0 54176 1
Q6 0 20624 1
Q6 0 596 1
Q6 0 64614 1
Q6 0 99476 1
Q6 0 97908 1
Q6 0 45681 1
Q6 0 71877 1
Q6 0 79116 1
Q6 0 98530 1
Q6 0 95311 1
Q6 0 16098 1
Q6 0 38716 1
Q6 0 25868 1
Q6 0 57189 1
Q6 0 62202 1
Q6 0 40612 1
Q6 0 31194 1
Q6 0 85687 1
Q6 0 54983 1
Q6 0 73170 1
Q6 0 17959 1
Q6 0 63756 1
Q6 0 8590 1
Q6 0 64031 1
Q6 0 88310 1
Q6 0 78325 1
Q6 0 17092 1
Q6 0 15711 1
Q6 0 77518 1
Q6 0 1979 1
Q6 0 57731 1
Q6 0 65660 1
Q6 0 13523 1
Q6 0 40351 1
Q6 0 75936 2
Q6 0 14594 2
Q6 0 80815 2
Q6 0 55862 2
Q6 0 51271 2
Q6 0 24820 2
Q6 0 26398 2
Q6 0 90706 2
Q6 0 84024 2
Q6 0 68440 2
Q6 0 75613 2
Q6 0 20838 2
Q6 0 69418 2
Q6 0 14459 2
Q6 0 19804 2
Q6 0 53809 2
Q6 0 78076 2
Q6 0 94053 2
Q6 0 923 2
Q6 0 67471 2
Q6 0 67533 1
Q6 0 68292 1
Q6 0 67705 1
Q6 0 99222 1
Q6 0 9421 1
Q6 0 2990 1
Q6 0 9480 1
Q6 0 60572 1
Q6 0 43922 1
Q6 0 26506 1
Q6 0 14750 1
Q6 0 4557 1
Q6 0 50584 1
Q6 0 6302 1
Q6 0 14393 1
Q6 0 22923 1
Q6 0 88680 1
Q6 0 23393 1
Q6 0 92833 1
Q6 0 57885 1
Q6 0 3791 1
Q6 0 86478 1
Q6 0 80372 1
Q6 0 46220 1
Q6 0 85702 1
Q6 0 88758 1
Q6 0 59795 1
Q6 0 91288 1
Q6 0 89340 1
Q6 0 34279 1
Q6 0 88100 1
Q6 0 76727 1
Q6 0 52431 1
Q6 0 32389 1
Q6 0 63975 1
Q6 0 40610 1
Q6 0 89514 1
Q6 0 73730 1
Q6 0 89524 1
Q6 0 37586 1
Q6 0 9637 1
Q6 0 29970 1
Q6 0 44341 1
Q6 0 46870 1
Q6 0 66667 1
Q6 0 60214 1
Q6 0 53036 1
Q6 0 41525 1
Q6 0 56974 1
Q6 0 45437 1
Q6 0 75023 1
Q6 0 67529 1
Q6 0 75339 1
Q6 0 44504 1
Q6 0 74607 1
Q6 0 22592 1
Q6 0 31314 1
Q6 0 28510 1
Q6 0 39338 1
Q6 0 82799 1
Q6 0 8548 1
Q6 0 19652 1
Q6 0 30635 1
Q6 0 52619 1
Q6 0 52299 1
Q6 0 99263 1
Q6 0 10816 1
Q6 0 43831 1
Q6 0 78625 1
Q6 0 36803 1
Q6 0 68143 1
Q6 0 65744 1
Q6 0 39936 1
Q6 0 6842 1
Q6 0 54953 1
Q6 0 78567 1
Q6 0 3671 1
Q6 0 58055 1
Q7 0 3004 3
Q7 0 71361 3
Q7 0 82600 3
Q7 0 39090 3
Q7 0 98532 3
Q7 0 29660 3
Q7 0 3352 3
Q7 0 19864 3
Q7 0 16262 3
Q7 0 51923 3
Q7 0 65495 2
Q7 0 59970 2
Q7 0 82830 2
Q7 0 73016 2
Q7 0 49810 2
Q7 0 37606 2
Q7 0 45965 2
Q7 0 64485 2
Q7 0 69035 2
Q7 0 90417 2
Q7 0 62802 2
Q7 0 74889 1
Q7 0 56297 2
Q7 0 89981 2
Q7 0 31194 2
Q7 0 33017 2
Q7 0 49527 2
Q7 0 26533 3
Q7 0 7356 2
Q7 0 68528 3
Q7 0 39933 1
Q7 0 64862 2
Q7 0 7835 2
Q7 0 99763 2
Q7 0 68260 2
Q7 0 875 3
Q7 0 96639 1
Q7 0 37605 1
Q7 0 96115 1
Q7 0 87399 2
Q7 0 50723 1
Q7 0 1924 2
Q7 0 59873 2
Q7 0 60397 1
Q7 0 78912 2
Q7 0 14919 1
Q7 0 780 2
Q7 0 33274 1
Q7 0 94706 1
Q7 0 56535 1
Q7 0 79208 1
Q7 0 96371 1
Q7 0 79986 1
Q7 0 23750 1
Q7 0 97697 2
Q7 0 30685 1
Q7 0 49400 1
Q7 0 56621 1
Q7 0 64625 2
Q7 0 49540 1
Q7 0 23116 1
Q7 0 88308 1
Q7 0 31212 1
Q7 0 47390 2
Q7 0 59451 3
Q7 0 19301 1
Q7 0 21578 1
Q7 0 53692 1
Q7 0 8255 1
Q7 0 42549 2
Q7 0 8861 2
Q7 0 11677 1
Q7 0 90057 1
Q7 0 72590 3
Q7 0 96009 1
Q7 0 78294 1
Q7 0 92301 1
Q7 0 81356 1
Q7 0 52162 1
Q7 0 21526 1
Q7 0 50352 3
Q7 0 32821 2
Q7 0 60365 1
Q7 0 28721 1
Q7 0 43346 1
Q7 0 60325 2
Q7 0 74623 3
Q7 0 45944 2
Q7 0 31927 1
Q7 0 20260 1
Q7 0 64140 2
Q7 0 17124 2
Q7 0 91776 2
Q7 0 5918 2
Q7 0 41807 1
Q7 0 53031 1
Q7 0 90139 1
Q7 0 59105 1
Q7 0 29851 1
Q7 0 1942 2
Q7 0 12612 2
Q7 0 52796 2
Q7 0 87466 2
Q7 0 74469 2
Q7 0 99034 2
Q7 0 43549 3
Q7 0 94148 2
Q7 0 89703 1
Q7 0 68519 2
Q7 0 16974 1
Q7 0 23768 2
Q7 0 68664 2
Q7 0 94569 2
Q7 0 38382 2
Q7 0 87103 2
Q7 0 70504 3
Q7 0 22556 2
Q7 0 86279 3
Q7 0 33484 1
Q7 0 6111 2
Q7 0 71231 2
Q7 0 45840 2
Q7 0 59632 1
Q7 0 92237 2
Q7 0 14314 2
Q7 0 83832 2
Q7 0 55956 1
Q7 0 51514 2
Q7 0 84097 2
Q7 0 28869 2
Q7 0 20484 2
Q7 0 77383 2
Q7 0 52705 1
Q7 0 34357 1
Q7 0 84797 1
Q7 0 14867 1
Q7 0 43186 1
Q7 0 71606 1
Q7 0 35014 1
Q7 0 13036 1
Q7 0 536 2
Q7 0 35886 1
Q7 0 85483 1
Q7 0 1381 2
Q7 0 92624 1
Q7 0 72787 1
Q7 0 46551 1
Q7 0 84604 1
Q7 0 87440 1
Q7 0 56174 2
Q7 0 64259 1
Q7 0 27001 1
Q7 0 82420 1
Q7 0 9786 1
Q7 0 53315 1
Q7 0 94233 1
Q7 0 387 1
Q7 0 14401 1
Q7 0 53771 1
Q7 0 18790 1
Q7 0 46745 1
Q7 0 31588 1
Q7 0 87693 1
Q7 0 18025 1
Q7 0 70880 1
Q7 0 6763 1
Q7 0 32755 1
Q7 0 2864 1
Q7 0 77096 1
Q7 0 1049 1
Q7 0 89738 1
Q7 0 36984 1
Q7 0 75114 1
Q7 0 70969 1
Q7 0 47191 1
Q7 0 19199 1
Q7 0 45191 1
Q7 0 38788 1
Q7 0 28525 1
Q7 0 37311 1
Q7 0 4793 1
Q7 0 23162 1
Q7 0 18578 1
Q7 0 97523 1
Q7 0 99236 1
Q7 0 55078 1
Q7 0 21687 1
Q7 0 21941 1
Q7 0 61932 1
Q7 0 1114 1
Q7 0 83219 1
Q7 0 93887 2
Q7 0 90228 2
Q7 0 40093 2
Q7 0 81489 2
Q7 0 95214 2
Q7 0 84917 2
Q7 0 53483 2
Q7 0 87810 2
Q7 0 11489 2
Q7 0 33317 1
Q7 0 28097 1
Q7 0 436 1
Q7 0 7799 1
Q7 0 93033 1
Q7 0 79486 1
Q7 0 13520 1
Q7 0 8967 1
Q7 0 96935 1
Q7 0 1972 1
Q7 0 31610 1
Q7 0 6920 1
Q7 0 67917 1
Q7 0 83173 1
Q7 0 73060 1
Q7 0 20843 1
Q7 0 93302 1
Q7 0 91412 1
Q7 0 88307 1
Q7 0 60764 1
Q7 0 6222 1
Q7 0 81511 1
Q7 0 1209 1
Q7 0 78690 1
Q7 0 78031 1
Q7 0 33330 1
Q7 0 31765 1
Q7 0 88086 1
Q7 0 40252 1
Q7 0 88986 1
Q7 0 12531 1
Q7 0 45902 1
Q7 0 37632 1
Q7 0 81928 1
Q7 0 52243 1
Q7 0 53215 1
Q7 0 47479 1
Q7 0 48280 1
Q7 0 72510 1
Q7 0 27617 1
Q7 0 8545 1
Q7 0 63821 1
Q7 0 19709 1
Q7 0 47559 1
Q7 0 40136 1
Q7 0 97832 1
Q7 0 44271 1
Q7 0 85030 1
Q7 0 7476 1
Q7 0 12590 1
Q7 0 15481 1
Q7 0 98780 1
Q7 0 17574 1
Q7 0 93917 1
Q7 0 94026 1
Q7 0 21702 1
Q7 0 20314 1
Q7 0 58666 1
Q7 0 89753 1
Q7 0 21915 1
Q7 0 45037 1
Q7 0 33468 1
Q7 0 6022 1
Q7 0 95503 1
Q7 0 8656 1
Q7 0 8578 2
Q7 0 38786 2
Q7 0 42547 2
Q7 0 45942 2
Q7 0 42846 2
Q7 0 30044 2
Q7 0 52624 2
Q7 0 99027 2
Q7 0 85451 2
Q7 0 79789 2
Q7 0 66479 2
Q7 0 97011 2
Q7 0 76992 2
Q7 0 82594 2
Q7 0 82779 2
Q7 0 75346 2
Q7 0 81427 2
Q7 0 89696 2
Q7 0 70500 2
Q7 0 28538 2
Q7 0 7678 1
Q7 0 11981 1
Q7 0 48649 1
Q7 0 94029 1
Q7 0 89874 1
Q7 0 49737 1
Q7 0 46818 1
Q7 0 3152 1
Q7 0 46750 1
Q7 0 88429 1
Q7 0 91365 1
Q7 0 23766 1
Q7 0 6653 1
Q7 0 98986 1
Q7 0 43511 1
Q7 0 4063 1
Q7 0 18952 1
Q7 0 35198 1
Q7 0 37818 1
Q7 0 60268 1
Q7 0 28931 1
Q7 0 6165 1
Q7 0 78808 1
Q7 0 2581 1
Q7 0 37261 1
Q7 0 43712 1
Q7 0 36533 1
Q7 0 91763 1
Q7 0 34330 1
Q7 0 3056 1
Q7 0 40258 1
Q7 0 54286 1
Q7 0 3909 1
Q7 0 56274 1
Q7 0 52148 1
Q7 0 58868 1
Q7 0 56426 1
Q7 0 60847 1
Q7 0 10645 1
Q7 0 78289 1
Q7 0 30520 1
Q7 0 36358 1
Q7 0 5068 1
Q7 0 50350 1
Q7 0 45189 1
Q7 0 68256 1
Q7 0 5739 1
Q7 0 64475 1
Q7 0 48260 1
Q7 0 34575 1
Q7 0 41657 1
Q7 0 16451 1
Q7 0 66078 1
Q7 0 45974 1
Q7 0 37806 1
Q7 0 90542 1
Q7 0 85670 1
Q7 0 46843 1
Q7 0 67448 1
Q7 0 46416 1
Q7 0 72359 1
Q7 0 65108 1
Q7 0 52924 1
Q7 0 52635 1
Q7 0 32645 1
Q7 0 2859 1
Q7 0 32753 1
Q7 0 17807 1
Q7 0 43983 1
Q7 0 7058 1
Q7 0 62038 1
Q7 0 63067 1
Q7 0 22425 1
Q7 0 74363 1
Q7 0 70207 1
Q7 0 29215 1
Q7 0 40541 1
Q7 0 59398 1
Q8 0 61076 3
Q8 0 97984 3
Q8 0 87565 3
Q8 0 31960 3
Q8 0 94956 3
Q8 0 67789 3
Q8 0 78390 3
Q8 0 52863 2
Q8 0 78513 3
Q8 0 9459 2
Q8 0 56310 2
Q8 0 13938 2
Q8 0 61740 2
Q8 0 26609 2
Q8 0 99272 3
Q8 0 14926 2
Q8 0 84126 2
Q8 0 25727 2
Q8 0 2798 2
Q8 0 11342 2
Q8 0 40986 2
Q8 0 33283 2
Q8 0 8754 2
Q8 0 86052 1
Q8 0 46678 2
Q8 0 51674 1
Q8 0 80692 2
Q8 0 54853 1
Q8 0 5822 2
Q8 0 34280 1
Q8 0 96221 2
Q8 0 11507 1
Q8 0 46101 2
Q8 0 55372 1
Q8 0 63124 2
Q8 0 65786 2
Q8 0 23884 3
Q8 0 4896 2
Q8 0 80488 2
Q8 0 7742 3
Q8 0 67 1
Q8 0 34456 1
Q8 0 50645 3
Q8 0 8408 2
Q8 0 78205 3
Q8 0 70046 1
Q8 0 58078 2
Q8 0 59938 1
Q8 0 61214 2
Q8 0 49891 1
Q8 0 41239 1
Q8 0 84445 1
Q8 0 4026 2
Q8 0 78889 2
Q8 0 82180 1
Q8 0 51195 2
Q8 0 3860 2
Q8 0 42116 1
Q8 0 21582 2
Q8 0 1913 1
Q8 0 13485 1
Q8 0 50884 2
Q8 0 5681 2
Q8 0 43360 3
Q8 0 23419 1
Q8 0 95796 2
Q8 0 58590 2
Q8 0 13766 1
Q8 0 29461 1
Q8 0 71952 1
Q8 0 76135 3
Q8 0 67368 1
Q8 0 61597 2
Q8 0 43666 2
Q8 0 1112 2
Q8 0 30580 2
Q8 0 52879 2
Q8 0 13410 1
Q8 0 73616 1
Q8 0 32133 2
Q8 0 71098 1
Q8 0 54992 1
Q8 0 32623 1
Q8 0 48672 1
Q8 0 73457 2
Q8 0 24721 1
Q8 0 84865 1
Q8 0 6776 1
Q8 0 97931 1
Q8 0 36151 1
Q8 0 40831 1
Q8 0 315 2
Q8 0 57198 1
Q8 0 88046 1
Q8 0 85112 1
Q8 0 4486 1
Q8 0 99476 2
Q8 0 65277 1
Q8 0 7067 2
Q8 0 86936 2
Q8 0 54737 2
Q8 0 59896 2
Q8 0 32243 3
Q8 0 96605 2
Q8 0 26570 2
Q8 0 49166 2
Q8 0 65142 2
Q8 0 72203 2
Q8 0 41733 2
Q8 0 87781 2
Q8 0 90355 2
Q8 0 43551 1
Q8 0 10175 2
Q8 0 90668 2
Q8 0 45414 2
Q8 0 99614 2
Q8 0 42040 2
Q8 0 64690 2
Q8 0 86407 2
Q8 0 646 3
Q8 0 40832 2
Q8 0 60922 2
Q8 0 25255 2
Q8 0 44044 2
Q8 0 75832 1
Q8 0 70914 3
Q8 0 93071 3
Q8 0 95916 1
Q8 0 68757 2
Q8 0 74018 2
Q8 0 10906 2
Q8 0 24012 2
Q8 0 59689 2
Q8 0 54970 1
Q8 0 49482 2
Q8 0 60587 1
Q8 0 86374 1
Q8 0 43171 1
Q8 0 45292 1
Q8 0 30082 2
Q8 0 81734 1
Q8 0 31721 1
Q8 0 63724 1
Q8 0 3428 1
Q8 0 54591 1
Q8 0 45869 2
Q8 0 76814 2
Q8 0 29847 2
Q8 0 7368 1
Q8 0 35249 1
Q8 0 56329 1
Q8 0 98828 1
Q8 0 51885 1
Q8 0 58933 1
Q8 0 20389 1
Q8 0 146 1
Q8 0 67274 1
Q8 0 34578 1
Q8 0 52331 1
Q8 0 4451 1
Q8 0 41019 1
Q8 0 18634 1
Q8 0 97609 1
Q8 0 70268 1
Q8 0 27865 1
Q8 0 21676 1
Q8 0 92734 1
Q8 0 97694 1
Q8 0 93778 1
Q8 0 29396 1
Q8 0 4164 1
Q8 0 45613 1
Q8 0 89027 1
Q8 0 49074 1
Q8 0 63658 1
Q8 0 94526 1
Q8 0 45527 1
Q8 0 86373 1
Q8 0 14352 1
Q8 0 16080 1
Q8 0 31152 1
Q8 0 9450 1
Q8 0 62925 1
Q8 0 39795 1
Q8 0 92080 1
Q8 0 76140 1
Q8 0 41079 1
Q8 0 86187 1
Q8 0 1326 1
Q8 0 7026 1
Q8 0 72889 1
Q8 0 36707 1
Q8 0 77161 2
Q8 0 48698 2
Q8 0 20671 2
Q8 0 8216 2
Q8 0 37483 2
Q8 0 16859 2
Q8 0 22814 2
Q8 0 76921 2
Q8 0 64511 2
Q8 0 79007 1
Q8 0 1662 1
Q8 0 44687 1
Q8 0 9236 1
Q8 0 86059 1
Q8 0 31999 1
Q8 0 68333 1
Q8 0 71213 1
Q8 0 90475 1
Q8 0 45520 1
Q8 0 45803 1
Q8 0 42555 1
Q8 0 26133 1
Q8 0 54882 1
Q8 0 22373 1
Q8 0 77872 1
Q8 0 89266 1
Q8 0 4628 1
Q8 0 63642 1
Q8 0 1628 1
Q8 0 5056 1
Q8 0 79376 1
Q8 0 79936 1
Q8 0 57546 1
Q8 0 86214 1
Q8 0 32869 1
Q8 0 55965 1
Q8 0 93556 1
Q8 0 50487 1
Q8 0 75383 1
Q8 0 42907 1
Q8 0 36954 1
Q8 0 53749 1
Q8 0 15000 1
Q8 0 46380 1
Q8 0 23421 1
Q8 0 70249 1
Q8 0 77780 1
Q8 0 40772 1
Q8 0 94068 1
Q8 0 59637 1
Q8 0 53894 1
Q8 0 91155 1
Q8 0 70066 1
Q8 0 54217 1
Q8 0 82752 1
Q8 0 534 1
Q8 0 73006 1
Q8 0 52052 1
Q8 0 26726 1
Q8 0 75432 1
Q8 0 17328 1
Q8 0 12496 1
Q8 0 32023 1
Q8 0 57276 1
Q8 0 41591 1
Q8 0 2817 1
Q8 0 78492 1
Q8 0 47327 1
Q8 0 8033 1
Q8 0 16078 2
Q8 0 76809 2
Q8 0 72638 2
Q8 0 63896 2
Q8 0 45525 2
Q8 0 56087 2
Q8 0 31150 2
Q8 0 40778 2
Q8 0 99265 2
Q8 0 49164 2
Q8 0 39465 2
Q8 0 87774 2
Q8 0 56308 2
Q8 0 11340 2
Q8 0 77775 2
Q8 0 41017 2
Q8 0 63697 2
Q8 0 32241 2
Q8 0 45276 2
Q8 0 29700 1
Q8 0 59687 1
Q8 0 34513 1
Q8 0 73453 1
Q8 0 46447 1
Q8 0 48886 1
Q8 0 48696 1
Q8 0 68753 1
Q8 0 6198 1
Q8 0 78200 1
Q8 0 59839 1
Q8 0 68178 1
Q8 0 86207 1
Q8 0 36705 1
Q8 0 43664 1
Q8 0 7741 1
Q8 0 90661 1
Q8 0 67786 1
Q8 0 2797 1
Q8 0 18837 1
Q8 0 99635 1
Q8 0 48271 1
Q8 0 32948 1
Q8 0 85642 1
Q8 0 74895 1
Q8 0 6686 1
Q8 0 14350 1
Q8 0 54990 1
Q8 0 52877 1
Q8 0 56327 1
Q8 0 99607 1
Q8 0 30578 1
Q8 0 21688 1
Q8 0 54851 1
Q8 0 72199 1
Q8 0 32788 1
Q8 0 4564 1
Q8 0 7025 1
Q8 0 63092 1
Q8 0 47212 1
Q8 0 98425 1
Q8 0 14924 1
Q8 0 25725 1
Q8 0 92448 1
Q8 0 22798 1
Q8 0 33741 1
Q8 0 71414 1
Q8 0 78006 1
Q8 0 96598 1
Q8 0 25557 1
Q8 0 41077 1
Q8 0 45867 1
Q8 0 43358 1
Q8 0 51883 1
Q8 0 86366 1
Q8 0 40021 1
Q8 0 89544 1
Q8 0 54583 1
Q8 0 65042 1
Q8 0 73890 1
Q8 0 44821 1
Q8 0 25743 1
Q8 0 94400 1
Q8 0 10595 1
Q8 0 20387 1
Q8 0 77778 1
Q8 0 1912 1
Q8 0 51055 1
Q8 0 92029 1
Q8 0 97592 1
Q8 0 60920 1
Q8 0 91669 1
Q8 0 17874 1
Q8 0 40032 1
Q8 0 4450 1
Q8 0 31997 1
Q8 0 79123 1
Q8 0 83855 1
Q8 0 94092 1
Q9 0 91968 3
Q9 0 79744 3
Q9 0 990 3
Q9 0 86862 3
Q9 0 51046 3
Q9 0 73165 3
Q9 0 89863 3
Q9 0 25834 3
Q9 0 22202 2
Q9 0 82470 3
Q9 0 36722 2
Q9 0 74184 2
Q9 0 72500 2
Q9 0 99801 3
Q9 0 54152 2
Q9 0 75105 2
Q9 0 75939 2
Q9 0 52210 2
Q9 0 21732 2
Q9 0 55473 2
Q9 0 82451 2
Q9 0 9132 2
Q9 0 9177 2
Q9 0 55442 1
Q9 0 69625 1
Q9 0 89157 2
Q9 0 20909 2
Q9 0 1575 1
Q9 0 4923 2
Q9 0 16493 2
Q9 0 16923 1
Q9 0 24629 1
Q9 0 46756 2
Q9 0 9745 2
Q9 0 25087 1
Q9 0 8760 1
Q9 0 8085 2
Q9 0 15948 2
Q9 0 49073 1
Q9 0 59267 2
Q9 0 18898 2
Q9 0 16254 2
Q9 0 88716 2
Q9 0 97394 2
Q9 0 87930 1
Q9 0 17786 2
Q9 0 89354 2
Q9 0 67922 1
Q9 0 90150 1
Q9 0 67737 2
Q9 0 58361 2
Q9 0 14105 1
Q9 0 60400 1
Q9 0 42110 1
Q9 0 23432 2
Q9 0 59126 2
Q9 0 88973 1
Q9 0 21180 2
Q9 0 90141 2
Q9 0 56333 1
Q9 0 78960 3
Q9 0 25768 2
Q9 0 71701 2
Q9 0 64694 2
Q9 0 91333 1
Q9 0 56610 1
Q9 0 24288 2
Q9 0 79330 1
Q9 0 38261 1
Q9 0 12896 2
Q9 0 12662 1
Q9 0 75152 1
Q9 0 87843 2
Q9 0 9993 1
Q9 0 85381 2
Q9 0 47975 1
Q9 0 76100 1
Q9 0 62119 1
Q9 0 54596 2
Q9 0 67204 1
Q9 0 65548 1
Q9 0 50907 1
Q9 0 68118 1
Q9 0 51383 2
Q9 0 98061 1
Q9 0 32134 1
Q9 0 75762 2
Q9 0 54486 2
Q9 0 43219 1
Q9 0 21032 1
Q9 0 66873 2
Q9 0 14196 1
Q9 0 54864 1
Q9 0 39845 1
Q9 0 88743 1
Q9 0 86398 1
Q9 0 84972 2
Q9 0 39509 1
Q9 0 64838 1
Q9 0 27847 1
Q9 0 70133 2
Q9 0 29219 1
Q9 0 68752 1
Q9 0 61450 2
Q9 0 98544 1
Q9 0 34476 2
Q9 0 13098 2
Q9 0 10705 1
Q9 0 85020 2
Q9 0 80165 2
Q9 0 85223 1
Q9 0 84493 2
Q9 0 12522 1
Q9 0 16422 2
Q9 0 21555 2
Q9 0 53934 2
Q9 0 233 2
Q9 0 2363 2
Q9 0 21392 2
Q9 0 56009 2
Q9 0 10952 2
Q9 0 62954 2
Q9 0 42237 3
Q9 0 7685 2
Q9 0 2239 1
Q9 0 38540 2
Q9 0 68076 2
Q9 0 77029 2
Q9 0 93100 2
Q9 0 24521 2
Q9 0 22937 2
Q9 0 86315 1
Q9 0 6454 1
Q9 0 87446 1
Q9 0 66851 1
Q9 0 22344 1
Q9 0 11463 1
Q9 0 30715 2
Q9 0 93244 2
Q9 0 16609 1
Q9 0 26598 1
Q9 0 83740 1
Q9 0 43304 1
Q9 0 81597 1
Q9 0 42544 1
Q9 0 47748 1
Q9 0 54714 1
Q9 0 78398 1
Q9 0 21308 1
Q9 0 8786 1
Q9 0 96414 1
Q9 0 46527 1
Q9 0 21985 1
Q9 0 83328 1
Q9 0 7374 1
Q9 0 2577 1
Q9 0 93041 1
Q9 0 70504 1
Q9 0 60586 1
Q9 0 57355 1
Q9 0 67365 1
Q9 0 8151 1
Q9 0 87230 1
Q9 0 13353 1
Q9 0 58034 1
Q9 0 10342 1
Q9 0 21773 1
Q9 0 43424 1
Q9 0 9360 1
Q9 0 50995 1
Q9 0 47056 1
Q9 0 31568 1
Q9 0 70770 1
Q9 0 27278 1
Q9 0 48201 1
Q9 0 84690 1
Q9 0 19671 1
Q9 0 30164 1
Q9 0 7072 1
Q9 0 83343 1
Q9 0 99187 1
Q9 0 56089 1
Q9 0 5523 1
Q9 0 44498 1
Q9 0 50753 1
Q9 0 35685 1
Q9 0 41368 1
Q9 0 34169 1
Q9 0 78743 1
Q9 0 20840 1
Q9 0 32726 1
Q9 0 71180 1
Q9 0 30124 1
Q9 0 85464 1
Q9 0 49848 1
Q9 0 85149 1
Q9 0 8954 1
Q9 0 89636 2
Q9 0 77016 2
Q9 0 76308 2
Q9 0 79380 2
Q9 0 60670 2
Q9 0 73774 1
Q9 0 36503 1
Q9 0 22114 1
Q9 0 75434 1
Q9 0 48753 1
Q9 0 94436 1
Q9 0 65360 1
Q9 0 47260 1
Q9 0 64434 1
Q9 0 36434 1
Q9 0 70824 1
Q9 0 1989 1
Q9 0 99684 1
Q9 0 7482 1
Q9 0 78496 1
Q9 0 30125 1
Q9 0 23482 1
Q9 0 8900 1
Q9 0 26508 1
Q9 0 78892 1
Q9 0 66767 1
Q9 0 72244 1
Q9 0 6621 1
Q9 0 29430 1
Q9 0 3124 1
Q9 0 56537 1
Q9 0 29674 1
Q9 0 20866 1
Q9 0 78345 1
Q9 0 77355 1
Q9 0 6521 1
Q9 0 52390 1
Q9 0 10238 1
Q9 0 68699 1
Q9 0 26600 1
Q9 0 61191 1
Q9 0 52069 1
Q9 0 92347 1
Q9 0 87050 1
Q9 0 85045 1
Q9 0 1327 1
Q9 0 68461 1
Q9 0 5296 1
Q9 0 90887 1
Q9 0 93237 2
Q9 0 43302 2
Q9 0 75100 2
Q9 0 42235 2
Q9 0 5295 2
Q9 0 89150 2
Q9 0 86855 2
Q9 0 30807 2
Q9 0 99180 2
Q9 0 57784 2
Q9 0 64691 2
Q9 0 78491 2
Q9 0 75757 2
Q9 0 83078 2
Q9 0 91969 2
Q9 0 41745 2
Q9 0 17880 2
Q9 0 28734 2
Q9 0 99264 2
Q9 0 9817 2
Q9 0 79739 1
Q9 0 54831 1
Q9 0 2972 1
Q9 0 65754 1
Q9 0 78955 1
Q9 0 70083 1
Q9 0 53263 1
Q9 0 71176 1
Q9 0 30651 1
Q9 0 47152 1
Q9 0 59124 1
Q9 0 29041 1
Q9 0 13351 1
Q9 0 66881 1
Q9 0 22497 1
Q9 0 21829 1
Q9 0 90880 1
Q9 0 26533 1
Q9 0 72594 1
Q9 0 84683 1
Q9 0 79569 1
Q9 0 92340 1
Q9 0 24160 1
Q9 0 48927 1
Q9 0 23024 1
Q9 0 87223 1
Q9 0 41091 1
Q9 0 52042 1
Q9 0 19120 1
Q9 0 38690 1
Q9 0 27991 1
Q9 0 76303 1
Q9 0 74715 1
Q9 0 99794 1
Q9 0 30688 1
Q9 0 14128 1
Q9 0 12637 1
Q9 0 62895 1
Q9 0 6811 1
Q9 0 51709 1
Q9 0 80179 1
Q9 0 3341 1
Q9 0 17263 1
Q9 0 6649 1
Q9 0 37465 1
Q9 0 7447 1
Q9 0 99281 1
Q9 0 77024 1
Q9 0 71810 1
Q9 0 70555 1
Q9 0 29342 1
Q9 0 20907 1
Q9 0 96237 1
Q9 0 74433 1
Q9 0 98500 1
Q9 0 34167 1
Q9 0 24558 1
Q9 0 16252 1
Q9 0 47855 1
Q9 0 33754 1
Q9 0 79375 1
Q9 0 71723 1
Q9 0 27719 1
Q9 0 49134 1
Q9 0 21553 1
Q9 0 76030 1
Q9 0 19748 1
Q9 0 25426 1
Q9 0 89393 1
Q9 0 58637 1
Q9 0 10950 1
Q9 0 7009 1
Q9 0 68072 1
Q9 0 50989 1
Q9 0 3793 1
Q9 0 82464 1
Q9 0 16420 1
Q9 0 92155 1
Q9 0 24601 1
Q9 0 53339 1
Q10 0 85161 3
Q10 0 16434 3
Q10 0 86538 3
Q10 0 43298 3
Q10 0 96567 3
Q10 0 1743 3
Q10 0 32484 3
Q10 0 62869 3
Q10 0 63957 3
Q10 0 46843 3
Q10 0 75699 3
Q10 0 74093 2
Q10 0 91772 2
Q10 0 85592 2
Q10 0 71926 2
Q10 0 39401 3
Q10 0 56835 2
Q10 0 72920 3
Q10 0 43928 2
Q10 0 36073 2
Q10 0 73128 2
Q10 0 20478 2
Q10 0 71726 2
Q10 0 85156 3
Q10 0 90876 2
Q10 0 81981 2
Q10 0 68506 2
Q10 0 71135 2
Q10 0 35434 2
Q10 0 1024 2
Q10 0 99461 2
Q10 0 39775 2
Q10 0 41485 2
Q10 0 50858 2
Q10 0 29398 3
Q10 0 64598 2
Q10 0 91013 2
Q10 0 80668 2
Q10 0 69920 2
Q10 0 21239 2
Q10 0 18433 2
Q10 0 29338 2
Q10 0 34762 2
Q10 0 32705 2
Q10 0 19513 2
Q10 0 4001 2
Q10 0 14242 1
Q10 0 69724 2
Q10 0 38012 2
Q10 0 71655 2
Q10 0 29675 2
Q10 0 69179 2
Q10 0 98807 2
Q10 0 18561 2
Q10 0 97066 2
Q10 0 59067 2
Q10 0 99016 2
Q10 0 25103 1
Q10 0 67619 2
Q10 0 96245 2
Q10 0 65082 1
Q10 0 9812 2
Q10 0 12829 1
Q10 0 27629 1
Q10 0 71929 2
Q10 0 26110 2
Q10 0 74658 1
Q10 0 85368 2
Q10 0 8979 2
Q10 0 93123 1
Q10 0 61489 1
Q10 0 102 2
Q10 0 62463 2
Q10 0 72855 1
Q10 0 63783 1
Q10 0 23669 1
Q10 0 10966 1
Q10 0 59910 2
Q10 0 15191 1
Q10 0 60227 1
Q10 0 37840 1
Q10 0 8670 1
Q10 0 29586 2
Q10 0 89590 1
Q10 0 93802 2
Q10 0 34969 1
Q10 0 58838 2
Q10 0 92750 1
Q10 0 52780 2
Q10 0 65554 1
Q10 0 24459 2
Q10 0 85260 2
Q10 0 90090 1
Q10 0 53141 1
Q10 0 82267 1
Q10 0 6288 2
Q10 0 88941 2
Q10 0 43892 2
Q10 0 40314 1
Q10 0 91104 1
Q10 0 24889 2
Q10 0 93514 2
Q10 0 89029 2
Q10 0 22875 2
Q10 0 82951 2
Q10 0 13606 2
Q10 0 71342 2
Q10 0 15075 2
Q10 0 93801 1
Q10 0 92272 2
Q10 0 9214 2
Q10 0 63497 1
Q10 0 23441 2
Q10 0 71659 2
Q10 0 77148 2
Q10 0 28252 2
Q10 0 6215 2
Q10 0 47053 1
Q10 0 12088 2
Q10 0 28824 1
Q10 0 20512 1
Q10 0 81920 1
Q10 0 35540 1
Q10 0 61920 1
Q10 0 77494 1
Q10 0 32286 1
Q10 0 78886 1
Q10 0 88860 1
Q10 0 69053 2
Q10 0 50171 1
Q10 0 85929 1
Q10 0 51207 1
Q10 0 65080 1
Q10 0 92073 1
Q10 0 87714 1
Q10 0 71081 1
Q10 0 21568 1
Q10 0 93785 1
Q10 0 90204 1
Q10 0 78184 1
Q10 0 5957 1
Q10 0 26762 1
Q10 0 49186 1
Q10 0 63160 1
Q10 0 36772 1
Q10 0 45723 1
Q10 0 59825 1
Q10 0 53055 1
Q10 0 32426 1
Q10 0 52519 1
Q10 0 54381 1
Q10 0 58166 1
Q10 0 17636 1
Q10 0 44533 1
Q10 0 10027 1
Q10 0 47754 1
Q10 0 40671 1
Q10 0 46745 1
Q10 0 16672 1
Q10 0 28404 1
Q10 0 36645 1
Q10 0 51924 1
Q10 0 31315 1
Q10 0 22014 1
Q10 0 11918 1
Q10 0 15764 1
Q10 0 96659 1
Q10 0 77347 1
Q10 0 76668 1
Q10 0 87214 1
Q10 0 26691 1
Q10 0 55721 1
Q10 0 33066 1
Q10 0 47592 1
Q10 0 22711 1
Q10 0 81561 1
Q10 0 95496 1
Q10 0 91809 1
Q10 0 20935 1
Q10 0 78815 1
Q10 0 71338 2
Q10 0 41234 2
Q10 0 72916 2
Q10 0 75694 2
Q10 0 32703 2
Q10 0 81514 2
Q10 0 73660 2
Q10 0 98194 2
Q10 0 73444 2
Q10 0 8410 2
Q10 0 9810 2
Q10 0 64900 2
Q10 0 61190 2
Q10 0 29584 2
Q10 0 83596 2
Q10 0 18971 2
Q10 0 89022 2
Q10 0 77968 2
Q10 0 21566 2
Q10 0 51445 2
Q10 0 91765 1
Q10 0 95671 1
Q10 0 13604 1
Q10 0 69541 1
Q10 0 40669 1
Q10 0 82945 1
Q10 0 89461 1
Q10 0 90529 1
Q10 0 21337 1
Q10 0 32648 1
Q10 0 74088 1
Q10 0 31520 1
Q10 0 88889 1
Q10 0 9729 1
Q10 0 74540 1
Q10 0 13430 1
Q10 0 27179 1
Q10 0 42000 1
Q10 0 90912 1
Q10 0 81271 1
Q10 0 7808 1
Q10 0 7381 1
Q10 0 6287 1
Q10 0 95753 1
Q10 0 37317 1
Q10 0 77143 1
Q10 0 25101 1
Q10 0 6973 1
Q10 0 61487 1
Q10 0 37335 1
Q10 0 60472 1
Q10 0 84074 1
Q10 0 52778 1
Q10 0 62867 1
Q10 0 8647 1
Q10 0 4386 1
Q10 0 15762 1
Q10 0 89583 1
Q10 0 96046 1
Q10 0 35648 1
Q10 0 43484 1
Q10 0 89208 1
Q10 0 14801 1
Q10 0 17382 1
Q10 0 1633 1
Q10 0 70603 1
Q10 0 72267 1
Q10 0 64053 1
Q10 0 7141 1
Q10 0 6752 1
Q10 0 32849 1
Q10 0 84931 1
Q10 0 33345 1
Q10 0 57852 1
Q10 0 93208 1
Q10 0 70298 1
Q10 0 75123 1
Q10 0 12491 1
Q10 0 50856 1
Q10 0 97550 1
Q10 0 81780 1
Q10 0 95008 1
Q10 0 26561 1
Q10 0 62693 1
Q10 0 8768 1
Q10 0 4000 1
Q10 0 76208 1
Q10 0 72663 1
Q10 0 31455 1
Q10 0 51205 1
Q10 0 77964 1
Q10 0 85253 1
Q10 0 71077 1
Q10 0 23875 1
Q10 0 16178 1
Q10 0 53024 1
Q10 0 40782 1
Q10 0 65079 1
Q10 0 48802 1
Q10 0 85154 1
