Q1 0 50584 2
Q1 0 83259 2
Q1 0 90369 1
Q1 0 30635 1
Q1 0 2938 1
Q1 0 51273 0
Q1 0 64591 0
Q1 0 68292 1
Q1 0 43922 1
Q1 0 442 2
Q1 0 48234 0
Q1 0 87017 0
Q1 0 78076 1
Q1 0 83265 0
Q1 0 64642 0
Q1 0 202 1
Q1 0 78567 1
Q1 0 68034 0
Q1 0 73892 1
Q1 0 46220 1
Q1 0 564 1
Q1 0 86403 1
Q1 0 75613 1
Q1 0 4557 2
Q1 0 1886 2
Q1 0 45665 0
Q1 0 4558 0
Q1 0 83476 0
Q1 0 50586 1
Q1 0 23982 1
Q1 0 23980 2
Q1 0 20072 0
Q1 0 55076 0
Q2 0 55078 1
Q2 0 89703 0
Q2 0 387 2
Q2 0 37261 2
Q2 0 11186 1
Q2 0 84941 1
Q2 0 38382 0
Q2 0 42547 3
Q2 0 94148 0
Q2 0 99034 0
Q2 0 59077 1
Q2 0 45840 1
Q2 0 38786 2
Q2 0 42549 0
Q2 0 118 1
Q2 0 70504 0
Q2 0 45944 0
Q2 0 85451 3
Q2 0 34330 1
Q2 0 45942 3
Q2 0 19831 2
Q2 0 6165 3
Q2 0 36533 2
Q2 0 1856 2
Q2 0 875 3
Q2 0 89874 1
Q2 0 31733 1
Q2 0 33484 0
Q2 0 59632 0
Q2 0 74623 0
Q2 0 32645 2
Q2 0 16974 0
Q2 0 45732 0
Q2 0 8578 2
Q2 0 73016 0
Q2 0 78808 3
Q2 0 81583 0
Q2 0 82562 1
Q2 0 59451 1
Q2 0 24643 0
Q2 0 30520 2
Q2 0 67779 0
Q2 0 89696 3
Q3 0 52052 0
Q3 0 93071 0
Q3 0 43666 0
Q3 0 58933 0
Q3 0 45525 2
Q3 0 7741 3
Q3 0 59249 2
Q3 0 20499 2
Q3 0 61076 0
Q3 0 15000 0
Q3 0 59687 2
Q3 0 64811 0
Q3 0 73006 0
Q3 0 99476 2
Q3 0 86052 2
Q3 0 43664 3
Q3 0 72638 2
Q3 0 86059 0
Q3 0 70249 0
Q3 0 1744 2
Q3 0 91155 0
Q3 0 86111 0
Q3 0 41017 2
Q3 0 32869 0
Q3 0 56308 3
Q3 0 13327 1
Q3 0 7742 0
Q3 0 5681 0
Q3 0 33743 0
Q3 0 34840 0
Q3 0 41261 2
Q3 0 86366 2
Q3 0 99614 0
Q3 0 77871 2
Q3 0 54735 2
Q3 0 82903 0
Q3 0 92712 0
Q3 0 46293 2
Q3 0 50487 0
Q3 0 45278 2
Q3 0 42040 0
Q3 0 454 2
Q3 0 4896 0
Q3 0 76809 1
Q4 0 91961 3
Q4 0 84683 1
Q4 0 49134 2
Q4 0 43302 2
Q4 0 78911 0
Q4 0 58034 0
Q4 0 89157 0
Q4 0 74525 1
Q4 0 89150 3
Q4 0 16254 0
Q4 0 75100 3
Q4 0 15572 0
Q4 0 41745 2
Q4 0 8085 1
Q4 0 9745 0
Q4 0 47152 2
Q4 0 79744 0
Q4 0 16252 3
Q4 0 87930 0
Q4 0 1658 1
Q4 0 99801 1
Q4 0 91968 0
Q4 0 93237 2
Q4 0 42235 2
Q4 0 81597 0
Q4 0 70083 2
Q4 0 59267 0
Q4 0 71180 0
Q4 0 31798 2
Q4 0 75723 0
Q4 0 60670 0
Q4 0 92340 3
Q4 0 71176 2
Q4 0 89863 0
Q4 0 87223 1
Q4 0 93041 0
Q4 0 7212 0
Q4 0 76308 0
Q4 0 58361 0
Q4 0 64691 3
Q4 0 301 0
Q4 0 59124 3
Q5 0 31403 3
Q5 0 25018 3
Q5 0 32171 3
Q5 0 95014 1
Q5 0 17031 3
Q5 0 76483 2
Q5 0 44032 0
Q5 0 78933 0
Q5 0 33715 1
Q5 0 46670 0
Q5 0 7719 0
Q5 0 82574 3
Q5 0 82113 0
Q5 0 84635 1
Q5 0 68932 0
Q5 0 79746 2
Q5 0 1656 3
Q5 0 4697 3
Q5 0 97996 0
Q5 0 40378 0
Q5 0 880 2
Q5 0 19567 0
Q5 0 28063 0
Q5 0 4698 0
Q5 0 18660 2
Q5 0 59038 0
Q5 0 64698 0
Q5 0 5428 3
Q5 0 30367 0
Q5 0 32173 0
Q5 0 64476 0
Q5 0 7824 0
Q5 0 52175 3
Q5 0 43579 3
Q5 0 52177 0
Q5 0 50118 3
Q5 0 79292 3
Q5 0 4972 3
Q5 0 31405 0
Q5 0 87403 2
Q5 0 6041 0
Q5 0 810 3
Q6 0 50584 1
Q6 0 84606 0
Q6 0 51085 0
Q6 0 14594 1
Q6 0 45046 0
Q6 0 84045 1
Q6 0 68440 1
Q6 0 51273 0
Q6 0 75941 1
Q6 0 60203 0
Q6 0 95349 1
Q6 0 26398 1
Q6 0 24597 0
Q6 0 92123 0
Q6 0 202 1
Q6 0 89524 1
Q6 0 6893 1
Q6 0 95324 0
Q6 0 75936 1
Q6 0 14596 1
Q6 0 51271 2
Q6 0 55862 1
Q6 0 36803 1
Q6 0 75613 1
Q6 0 14875 1
Q6 0 44343 0
Q6 0 53809 1
Q6 0 84024 1
Q6 0 1886 1
Q6 0 90081 0
Q6 0 923 1
Q6 0 19976 0
Q6 0 50586 1
Q6 0 19383 0
Q6 0 14461 1
Q6 0 24820 1
Q6 0 14750 1
Q6 0 90706 1
Q6 0 32521 1
Q6 0 23952 0
Q6 0 39081 1
Q6 0 80815 1
Q6 0 60214 1
Q7 0 54286 2
Q7 0 25132 0
Q7 0 67743 1
Q7 0 50866 1
Q7 0 46818 2
Q7 0 3004 1
Q7 0 42547 2
Q7 0 42846 1
Q7 0 53713 1
Q7 0 39090 1
Q7 0 52624 1
Q7 0 38786 1
Q7 0 95214 0
Q7 0 90228 1
Q7 0 85451 2
Q7 0 19864 0
Q7 0 31588 1
Q7 0 98532 0
Q7 0 34330 1
Q7 0 45942 2
Q7 0 79789 2
Q7 0 51923 0
Q7 0 52796 1
Q7 0 29660 0
Q7 0 36533 1
Q7 0 99027 2
Q7 0 875 2
Q7 0 32803 0
Q7 0 89874 1
Q7 0 93887 0
Q7 0 3352 1
Q7 0 86279 1
Q7 0 71361 0
Q7 0 32645 1
Q7 0 72590 0
Q7 0 8578 1
Q7 0 82600 1
Q7 0 16262 0
Q7 0 73016 0
Q7 0 78808 2
Q7 0 59451 1
Q7 0 30044 1
Q7 0 50352 1
Q8 0 646 2
Q8 0 94956 1
Q8 0 37483 1
Q8 0 68753 1
Q8 0 16078 1
Q8 0 45525 1
Q8 0 51017 0
Q8 0 76135 1
Q8 0 2239 0
Q8 0 61076 0
Q8 0 78390 0
Q8 0 52863 1
Q8 0 56087 1
Q8 0 8216 1
Q8 0 48698 0
Q8 0 56310 1
Q8 0 20671 1
Q8 0 72638 1
Q8 0 76809 1
Q8 0 65042 1
Q8 0 1912 2
Q8 0 16859 0
Q8 0 22798 1
Q8 0 99265 2
Q8 0 77161 1
Q8 0 9459 1
Q8 0 78513 1
Q8 0 4451 1
Q8 0 20388 1
Q8 0 92029 1
Q8 0 31150 2
Q8 0 63896 1
Q8 0 70914 1
Q8 0 97694 0
Q8 0 54583 1
Q8 0 20512 2
Q8 0 97984 1
Q8 0 31960 0
Q8 0 83855 1
Q8 0 96892 1
Q8 0 40778 1
Q8 0 67789 0
Q8 0 87565 1
Q9 0 51046 1
Q9 0 99281 1
Q9 0 84683 1
Q9 0 49134 1
Q9 0 43302 1
Q9 0 58034 1
Q9 0 44521 0
Q9 0 99180 2
Q9 0 89150 1
Q9 0 23604 1
Q9 0 75100 2
Q9 0 47152 1
Q9 0 990 2
Q9 0 82470 0
Q9 0 79744 0
Q9 0 17880 1
Q9 0 86102 0
Q9 0 97865 1
Q9 0 71701 0
Q9 0 91968 0
Q9 0 25834 1
Q9 0 93237 1
Q9 0 86862 1
Q9 0 42235 1
Q9 0 70083 1
Q9 0 30807 1
Q9 0 10952 0
Q9 0 73165 0
Q9 0 48159 1
Q9 0 54714 1
Q9 0 57784 1
Q9 0 86855 2
Q9 0 22202 1
Q9 0 79569 1
Q9 0 89863 0
Q9 0 87223 1
Q9 0 14128 1
Q9 0 89636 0
Q9 0 58361 0
Q9 0 5295 2
Q9 0 92340 1
Q9 0 78398 0
Q10 0 72920 1
Q10 0 85161 0
Q10 0 86538 0
Q10 0 32703 1
Q10 0 73660 1
Q10 0 89022 1
Q10 0 1320 0
Q10 0 64900 1
Q10 0 95008 1
Q10 0 72916 1
Q10 0 92272 1
Q10 0 73444 0
Q10 0 64986 0
Q10 0 74540 0
Q10 0 71338 1
Q10 0 1743 1
Q10 0 75699 0
Q10 0 32484 0
Q10 0 4000 1
Q10 0 8410 1
Q10 0 62869 0
Q10 0 41234 1
Q10 0 81514 1
Q10 0 13986 0
Q10 0 1633 1
Q10 0 16434 0
Q10 0 43298 0
Q10 0 85156 0
Q10 0 98194 1
Q10 0 8768 1
Q10 0 63957 0
Q10 0 7381 1
Q10 0 96567 0
Q10 0 61291 0
Q10 0 46843 0
Q10 0 75694 1
Q10 0 64053 0
Q10 0 87473 0
